0 0.0719425167785235 0.4930968355704698 0.17431628355704698 0.4930968355704698 0.17431628355704698 0.40364333724832213 0.0719425167785235 0.40364333724832213 0.0719425167785235 0.4930968355704698
0 0.21244488758389263 0.35842122147651007 0.32534070302013424 0.35842122147651007 0.32534070302013424 0.26494087583892617 0.21244488758389263 0.26494087583892617 0.21244488758389263 0.35842122147651007
0 0.35753119295302016 0.2967721308724832 0.48893067953020136 0.2967721308724832 0.48893067953020136 0.17184404026845637 0.35753119295302016 0.17184404026845637 0.35753119295302016 0.2967721308724832
0 0.4810841845637584 0 0.4810841845637584 0.1461009899328859 0.9830435570469799 0.1461009899328859 0.9830435570469799 0 0.4810841845637584 0
0 0.604637177852349 0.3789549379194631 0.723640827181208 0.3789549379194631 0.723640827181208 0.30691914429530204 0.604637177852349 0.30691914429530204 0.604637177852349 0.3789549379194631
0 1 0.19924896140939596 0.8748862667785235 0.19924896140939596 0.8748862667785235 0.3355864496644295 1 0.3355864496644295 1 0.19924896140939596
0 1 0.33975711073825504 0.8748952751677853 0.33975711073825504 0.8748952751677853 0.4405880469798658 1 0.4405880469798658 1 0.33975711073825504
0 0.7539277516778523 0.4725631191275168 0.830699067114094 0.4725631191275168 0.830699067114094 0.4036593154362416 0.7539277516778523 0.4036593154362416 0.7539277516778523 0.4725631191275168
0 0.6612652583892618 0.5593000956375839 0.7987905956375839 0.5593000956375839 0.7987905956375839 0.4821508473154362 0.6612652583892618 0.4821508473154362 0.6612652583892618 0.5593000956375839
0 0.8401400838926175 0.5296100989932886 0.9500990939597315 0.5296100989932886 0.9500990939597315 0.45840524161073826 0.8401400838926175 0.45840524161073826 0.8401400838926175 0.5296100989932886
0 0.4592022885906041 0.5090604026845638 0.5805481728187919 0.5090604026845638 0.5805481728187919 0.4273729630872483 0.4592022885906041 0.4273729630872483 0.4592022885906041 0.5090604026845638
0 0.40035534060402683 0.3994886543624161 0.50343177852349 0.3994886543624161 0.50343177852349 0.33247043791946307 0.40035534060402683 0.33247043791946307 0.40035534060402683 0.3994886543624161
0 0.2828949144295302 0.48170341946308726 0.3654137197986577 0.48170341946308726 0.3654137197986577 0.4200862902684564 0.2828949144295302 0.4200862902684564 0.2828949144295302 0.48170341946308726
0 0.3472343590604027 0.5730105469798659 0.43746452852348994 0.5730105469798659 0.43746452852348994 0.5204697986577181 0.3472343590604027 0.5204697986577181 0.3472343590604027 0.5730105469798659
0 0.19655433389261745 0.6291542768456376 0.2795956375838926 0.6291542768456376 0.2795956375838926 0.5802568657718121 0.19655433389261745 0.5802568657718121 0.19655433389261745 0.6291542768456376
0 0.204504177852349 0.6551613926174497 0.24225022483221478 0.6551613926174497 0.24225022483221478 0.6317992969798658 0.204504177852349 0.6317992969798658 0.204504177852349 0.6551613926174497
0 0.3961600822147651 0.6369127516778524 0.5136502852348993 0.6369127516778524 0.5136502852348993 0.5806967080536912 0.3961600822147651 0.5806967080536912 0.3961600822147651 0.6369127516778524
0 0.7050110352348993 0.664317672818792 0.7287757315436242 0.664317672818792 0.7287757315436242 0.6409236174496644 0.7050110352348993 0.6409236174496644 0.7050110352348993 0.664317672818792
0 0.5289429513422819 0.5634562768456375 0.4712667785234899 0.5690366308724832 0.46602349161073825 0.5783372298657719 0.5111157718120806 0.5950783003355705 0.5373322130872483 0.5746169899328859 0.5289429513422819 0.5634562768456375