0 0.06790322259136213 0.5787850016611296 0.16925665282392027 0.5787850016611296 0.16925665282392027 0.4902230664451827 0.06790322259136213 0.4902230664451827 0.06790322259136213 0.5787850016611296
0 0.20700523754152825 0.7161050465116279 0.3187758455149502 0.7161050465116279 0.3187758455149502 0.6235563986710964 0.20700523754152825 0.6235563986710964 0.20700523754152825 0.7161050465116279
0 0.3506455 0.8082740066445183 0.4807353571428572 0.8082740066445183 0.4807353571428572 0.6845910465116279 0.3506455 0.6845910465116279 0.3506455 0.8082740066445183
0 0.9699235215946844 1 0.9699235215946844 0.8337604817275748 0.47296706644518277 0.8337604817275748 0.47296706644518277 1 0.9699235215946844 1
0 0.595288634551495 0.6745451661129568 0.7131062009966778 0.6745451661129568 0.7131062009966778 0.6032273372093023 0.595288634551495 0.6032273372093023 0.595288634551495 0.6745451661129568
0 1 0.6461635813953488 0.8628442109634552 0.6461635813953488 0.8628442109634552 0.7811422242524917 1 0.7811422242524917 1 0.6461635813953488
0 0.8628531295681063 0.6420344883720931 0.991337599667774 0.6420344883720931 0.991337599667774 0.542208511627907 0.8628531295681063 0.542208511627907 0.8628531295681063 0.6420344883720931
0 0.7430912624584718 0.5787691827242525 0.8190974152823921 0.5787691827242525 0.8190974152823921 0.5105521279069767 0.7430912624584718 0.5105521279069767 0.7430912624584718 0.5787691827242525
0 0.6513523156146179 0.5010599584717609 0.7875069684385383 0.5010599584717609 0.7875069684385383 0.4246796395348837 0.6513523156146179 0.4246796395348837 0.6513523156146179 0.5010599584717609
0 0.8284443355481728 0.5245688970099668 0.9373074086378738 0.5245688970099668 0.9373074086378738 0.4540737225913621 0.8284443355481728 0.4540737225913621 0.8284443355481728 0.5245688970099668
0 0.4513032624584718 0.5552918837209302 0.571439719269103 0.5552918837209302 0.571439719269103 0.4744186046511628 0.4513032624584718 0.4744186046511628 0.4513032624584718 0.5552918837209302
0 0.3930428289036545 0.6492485365448505 0.495091926910299 0.6492485365448505 0.495091926910299 0.5828982757475083 0.3930428289036545 0.5828982757475083 0.3930428289036545 0.6492485365448505
0 0.27675310465116276 0.5625059318936877 0.3584494634551495 0.5625059318936877 0.3584494634551495 0.501502926910299 0.27675310465116276 0.501502926910299 0.27675310465116276 0.5625059318936877
0 0.34045129235880395 0.46312292358803986 0.429782157807309 0.46312292358803986 0.429782157807309 0.4111058372093023 0.34045129235880395 0.4111058372093023 0.34045129235880395 0.46312292358803986
0 0.19127306146179401 0.40393174086378736 0.27348671096345517 0.40393174086378736 0.27348671096345517 0.3555216794019933 0.19127306146179401 0.3555216794019933 0.19127306146179401 0.40393174086378736
0 0.1991436710963455 0.3529030215946844 0.23651351162790699 0.3529030215946844 0.23651351162790699 0.3297737707641196 0.1991436710963455 0.3297737707641196 0.1991436710963455 0.3529030215946844
0 0.38888938372093024 0.40349628239202656 0.505208588039867 0.40349628239202656 0.505208588039867 0.34784053156146183 0.38888938372093024 0.34784053156146183 0.38888938372093024 0.40349628239202656
0 0.6946620880398671 0.34386964119601326 0.718189926910299 0.34386964119601326 0.718189926910299 0.3207087491694352 0.6946620880398671 0.3207087491694352 0.6946620880398671 0.34386964119601326
0 0.5203488355481728 0.42056488205980064 0.5286544833887044 0.40951540531561464 0.5026993355481728 0.3892580282392027 0.45805648006644517 0.4058322441860465 0.4632475083056478 0.415040146179402 0.5203488355481728 0.42056488205980064