0 0.32999999999999996 0.38184615384615384 0.15548717948717944 0.09938461538461536
0 0.18966666666666665 0.5203333333333333 0.1543076923076923 0.10735897435897437
0 0.2727948717948718 0.2887948717948718 0.08697435897435894 0.04551282051282051
0 0.00641025641025641 0.6423076923076924 0.01282051282051282 0.1
0 0.11500000000000002 0.3321282051282051 0.08174358974358974 0.04582051282051283
0 0.11979487179487179 0.2527948717948718 0.14976923076923077 0.06846153846153843
0 0.47079487179487184 0.189974358974359 0.16176923076923086 0.09617948717948716
0 0.4713846153846154 0.08246153846153845 0.1845641025641026 0.1132564102564103
0 0.6906666666666667 0.06902564102564103 0.0968205128205128 0.03512820512820514
0 0.7002051282051281 0.11800000000000001 0.08076923076923077 0.03320512820512821
0 0.7694615384615384 0.02 0.12215384615384611 0.03423076923076923
0 0.6111282051282051 0.034076923076923074 0.09697435897435895 0.030025641025641026
0 0.5657179487179487 0.01225641025641026 0.0640512820512821 0.016307692307692308
0 0.8469743589743589 0.25625641025641027 0.20700000000000005 0.10458974358974364
0 0.6743589743589744 0.7012820512820512 0.6512820512820513 0.5974358974358974