0 0.31994949494949493 0.6264646464646466 0.1531313131313131 0.09787878787878786
0 0.18174242424242423 0.49007575757575755 0.15196969696969698 0.10573232323232325
0 0.26361111111111113 0.7181060606060606 0.08565656565656563 0.04482323232323232
0 0.003787878787878788 0.369949494949495 0.007575757575757576 0.09848484848484848
0 0.10820707070707072 0.675429292929293 0.0805050505050505 0.04512626262626264
0 0.11292929292929292 0.7535606060606059 0.1475 0.06742424242424254
0 0.45861111111111114 0.8154292929292929 0.1593181818181819 0.0947222222222222
0 0.4591919191919192 0.9213131313131314 0.1817676767676768 0.11154040404040422
0 0.6751515151515152 0.9345454545454545 0.09535353535353533 0.03459595959595971
0 0.6845454545454545 0.8863131313131314 0.07954545454545454 0.032702020202020315
0 0.7527525252525252 0.9828282828282828 0.12030303030303027 0.03371212121212127
0 0.5968181818181818 0.9689646464646464 0.09550505050505048 0.029570707070707164
0 0.5520959595959596 0.9904545454545455 0.06308080808080813 0.016060606060606095
0 0.8290909090909091 0.7501515151515151 0.2038636363636364 0.1030050505050507
0 0.6679292929292929 0.30303030303030304 0.6590909090909091 0.6060606060606061