0 0.3334134615384615 0.38682692307692307 0.14576923076923073 0.0931730769230769
0 0.20185096153846155 0.5166586538461538 0.14466346153846155 0.10064903846153847
0 0.27978365384615383 0.29959134615384614 0.0815384615384615 0.04266826923076923
0 0.019543269230769232 0.6312500000000001 0.03420673076923077 0.09362980769230773
0 0.13185096153846157 0.34021634615384616 0.07663461538461538 0.04295673076923078
0 0.13634615384615384 0.26584134615384614 0.14040865384615384 0.06418269230769227
0 0.4654086538461539 0.20694711538461538 0.15165865384615393 0.0901682692307692
0 0.4659615384615385 0.10615384615384614 0.1730288461538462 0.10617788461538463
0 0.6715384615384615 0.09355769230769231 0.09076923076923074 0.032932692307692316
0 0.6804807692307692 0.13947115384615386 0.07572115384615384 0.0311298076923077
0 0.7454086538461537 0.04759615384615385 0.11451923076923073 0.03209134615384616
0 0.5969711538461538 0.06079326923076923 0.09091346153846153 0.028149038461538465
0 0.5465865384615385 0.01673076923076923 0.07362980769230767 0.023509615384615382
0 0.5543990384615385 0.040336538461538465 0.06004807692307697 0.015288461538461537
0 0.6683173076923077 0.014519230769230767 0.08269230769230763 0.029014423076923077
0 0.818076923076923 0.26908653846153846 0.19406250000000005 0.09805288461538463
0 0.6656971153846154 0.7036538461538462 0.6281490384615386 0.5926923076923076