0 0.9276649746192893 0.4593908629441624 0.1446700507614213 0.15736040609137056
0 0.5770304568527919 0.3325380710659898 0.3535025380710661 0.27180203045685286
0 0.17258883248730963 0.282994923857868 0.34517766497461927 0.4543147208121827
0 0.33375634517766495 0.03934010152284264 0.21573604060913706 0.07868020304568528
0 0.8844670050761422 0.619263959390863 0.07794416243654831 0.05545685279187823
0 0.9746192893401016 0.6421319796954315 0.050761421319796954 0.050761421319796954
0 0.9911167512690355 0.7144670050761421 0.017766497461928935 0.0532994923857868
0 0.7709137055837564 0.6626649746192894 0.06456852791878187 0.04431472081218284
0 0.7606852791878173 0.7211675126903553 0.05299492385786801 0.03956852791878181
0 0.6446192893401015 0.6845685279187818 0.055355329949238585 0.0673350253807106
0 0.5157106598984772 0.679517766497462 0.06469543147208125 0.04535532994923859
0 0.545761421319797 0.6019543147208122 0.07137055837563452 0.053527918781725824
0 0.43038071065989847 0.6036802030456853 0.08522842639593904 0.06477157360406087
0 0.23416243654822333 0.6676395939086295 0.15756345177664985 0.09583756345177663
0 0.4775634517766497 0.8360406091370558 0.12494923857868025 0.05558375634517761
0 0.2236594543147208 0.8156819441624366 0.24443652538071067 0.8245890177664975 0.2652134340101523 0.8038057944162437 0.31121950253807107 0.8008367969543148 0.40916775888324874 0.7904451649746194 0.4403332030456853 0.7830226091370558 0.4447854568527919 0.774115538071066 0.4551738299492386 0.7488787563451776 0.4611101116751269 0.7414562005076142 0.4403332030456853 0.7206729771573605 0.42549257868020307 0.716219461928934 0.3898748807106599 0.7147349416243655 0.337932692893401 0.7355181269035533 0.29786290609137056 0.7518477944162436 0.24443652538071067 0.765208423857868 0.23107992893401014 0.7770845329949239 0.2236594543147208 0.8156819441624366
0 0.06345177664974619 0.6294416243654822 0.12690355329949238 0.22842639593908629
0 0.1341370558375635 0.834263959390863 0.11182741116751255 0.06982233502538068
0 0.35906091370558385 0.8563959390862944 0.11350253807106606 0.030939086294416093
0 0.1885279187817258 0.7492893401015229 0.04847715736040615 0.03941624365482226
0 0.1598984771573604 0.7838832487309645 0.04164974619289332 0.03436548223350244
0 0.08827411167512683 0.7782233502538071 0.0956598984771575 0.045203045685279046
0 0.1029695431472081 0.7433502538071066 0.06730964467005071 0.024568527918781887
0 0.16842639593908632 0.7083248730964468 0.037918781725888466 0.019822335025380573
0 0.518984771573604 0.7304314720812183 0.04746192893401013 0.03436548223350244
0 0.8517258883248731 0.7737817258883248 0.06591370558375642 0.01713197969543147
0 0.5704060913705584 0.7693908629441624 0.07017766497461923 0.04994923857868037