0 0.08826923076923077 0.5368509615384616 0.16661057692307693 0.15026442307692306
0 0.43425480769230773 0.6562019230769232 0.33480769230769236 0.2574278846153847
0 0.8269230769230769 0.7049278846153846 0.3461298076923077 0.42992788461538467
0 0.6659134615384615 0.9484615384615385 0.20603365384615385 0.10307692307692307
0 0.14307692307692307 0.38463942307692306 0.07382211538461537 0.05252403846153852
0 0.041778846153846146 0.3648317307692308 0.08074519230769231 0.0484134615384615
0 0.026033653846153845 0.2957932692307692 0.05206730769230769 0.05026442307692307
0 0.250625 0.34353365384615386 0.06115384615384615 0.0419711538461538
0 0.2603125 0.288125 0.05019230769230768 0.03747596153846155
0 0.37024038461538467 0.3227884615384615 0.05242788461538462 0.0637740384615385
0 0.49233173076923076 0.3275721153846154 0.061274038461538484 0.04295673076923078
0 0.46387019230769233 0.40103365384615386 0.06759615384615386 0.05069711538461533
0 0.5731490384615385 0.39939903846153846 0.0807211538461538 0.0613461538461538
0 0.7589903846153846 0.3388221153846154 0.14923076923076933 0.09076923076923074
0 0.5284615384615384 0.17932692307692305 0.1183413461538462 0.05264423076923078
0 0.5777786634615384 0.292811375 0.611512733173077 0.2942173870192308 0.6607079783653845 0.2745333125 0.6986586899038462 0.2590672331730769 0.7492596370192307 0.24641317548076921 0.761909875 0.2351651298076923 0.7689379206730769 0.19860892788461537 0.7492596370192307 0.19017290144230767 0.7295815072115384 0.20985701201923077 0.686008451923077 0.2126689951923077 0.5932401514423077 0.22251106971153847 0.5637228798076923 0.22954108653846153 0.5595060817307692 0.23797711057692308 0.54966709375 0.2618792548076923 0.5440447500000001 0.2689092716346154 0.5637228798076923 0.28859338221153846 0.5777786634615384 0.292811375
0 0.9307451923076923 0.3761538461538461 0.1385096153846154 0.21855769230769234
0 0.8537259615384615 0.18100961538461538 0.1059134615384614 0.06612980769230768
0 0.6406971153846153 0.16004807692307693 0.10750000000000007 0.02930288461538461
0 0.8022115384615385 0.2614903846153846 0.04591346153846159 0.03733173076923077
0 0.8293269230769231 0.22872596153846156 0.03944711538461531 0.0325480769230769
0 0.8971634615384616 0.23408653846153846 0.09060096153846167 0.0428125
0 0.8832451923076923 0.26711538461538464 0.06374999999999996 0.023269230769230785
0 0.8212499999999999 0.3002884615384615 0.03591346153846167 0.018774038461538432
0 0.48923076923076925 0.2793509615384615 0.04495192307692305 0.0325480769230769
0 0.17408653846153846 0.2382932692307692 0.062427884615384614 0.01622596153846154
0 0.44052884615384613 0.24245192307692306 0.0664663461538461 0.04730769230769232