0 0.9153170731707316 0.539829268292683 0.16904878048780475 0.1524634146341463
0 0.5642682926829268 0.6609268292682927 0.3397073170731708 0.2611951219512196
0 0.17073170731707318 0.7085365853658536 0.34146341463414637 0.43658536585365854
0 0.3304878048780488 0.9524390243902439 0.2073170731707317 0.0951219512195122
0 0.8597073170731708 0.385390243902439 0.07490243902439034 0.05329268292682932
0 0.9609756097560975 0.36341463414634145 0.07804878048780488 0.04878048780487805
0 0.9768292682926829 0.2939024390243902 0.046341463414634146 0.05121951219512195
0 0.7505853658536585 0.34368292682926826 0.06204878048780501 0.042585365853658484
0 0.7407560975609756 0.2874634146341463 0.05092682926829267 0.038024390243902445
0 0.629219512195122 0.3226341463414634 0.05319512195121938 0.0647073170731708
0 0.5053414634146342 0.3274878048780488 0.062170731707317094 0.04358536585365855
0 0.534219512195122 0.40202439024390246 0.06858536585365854 0.051439024390243844
0 0.42334146341463413 0.4003658536585366 0.0819024390243902 0.06224390243902435
0 0.23478048780487804 0.3389024390243902 0.15141463414634157 0.09209756097560974
0 0.46868292682926826 0.1770731707317073 0.12007317073170737 0.053414634146341476
0 0.4329055658536586 0.2879386512195122 0.4528716682926829 0.2679664804878049 0.4471670463414634 0.26083358536585366 0.4371840731707317 0.2365816536585366 0.4329055658536586 0.2280221756097561 0.40295633414634147 0.22088928048780487 0.3088304487804878 0.2109031756097561 0.26461973902439023 0.20805004146341463 0.24465363658536585 0.18807787073170731 0.2246873780487805 0.1966373512195122 0.2318182731707317 0.23372852195121951 0.24465363658536585 0.2451411731707317 0.29599508536585367 0.25798041219512197 0.3345011731707317 0.27367282439024393 0.3844163487804878 0.2936449585365854 0.4186440878048781 0.2922183707317073 0.4329055658536586 0.2879386512195122
0 0.06585365853658537 0.375609756097561 0.13170731707317074 0.21951219512195122
0 0.13865853658536592 0.17878048780487804 0.10746341463414621 0.06709756097560973
0 0.3548048780487806 0.15751219512195122 0.10907317073170739 0.029731707317073166
0 0.1909268292682926 0.2604390243902439 0.04658536585365859 0.03787804878048781
0 0.16341463414634147 0.22719512195121952 0.040024390243902364 0.03302439024390242
0 0.09458536585365847 0.2326341463414634 0.09192682926829282 0.043439024390243906
0 0.10870731707317072 0.26614634146341465 0.06468292682926825 0.023609756097560993
0 0.17160975609756102 0.2998048780487805 0.03643902439024404 0.019048780487804885
0 0.5084878048780488 0.27856097560975607 0.04560975609756095 0.03302439024390242
0 0.8282439024390243 0.23690243902439023 0.06334146341463422 0.016463414634146342
0 0.5579024390243903 0.2411219512195122 0.06743902439024385 0.048000000000000015