0 0.805111821086262 0.6661341853035144 0.38977635782747605 0.597444089456869
0 0.5934504792332268 0.46645367412140576 0.0878594249201278 0.18210862619808307
0 0.5159744408945687 0.5625239616613418 0.08945686900958466 0.1597444089456869
0 0.5231629392971247 0.3586261980830671 0.039936102236421724 0.05750798722044728
0 0.44009584664536744 0.44329073482428116 0.07028753993610223 0.09424920127795527
0 0.36421725239616615 0.2731629392971246 0.07827476038338659 0.15654952076677317
0 0.3506389776357827 0.41214057507987223 0.04792332268370607 0.13099041533546327
0 0.39057507987220447 0.3706070287539936 0.036741214057507986 0.09584664536741214
0 0.426517571884984 0.33785942492012777 0.07188498402555911 0.12460063897763578
0 0.46166134185303515 0.3977635782747604 0.05910543130990415 0.1134185303514377
0 0.4928115015974441 0.3258785942492013 0.0670926517571885 0.10702875399361023
0 0.4001597444089457 0.213258785942492 0.052715654952076675 0.08146964856230032
0 0.8274760383386581 0.2340255591054313 0.14376996805111822 0.16613418530351437