0 0.29378172588832485 0.7947208121827412 0.5843147208121828 0.3464720812182741
0 0.5201269035532995 0.5976395939086294 0.1820812182741117 0.07256345177664968
0 0.43236040609137055 0.5084263959390862 0.15878172588832487 0.07581218274111676
0 0.6391624365482234 0.5376142131979695 0.05680203045685278 0.03530456852791884
0 0.5613197969543147 0.44266497461928933 0.0907868020304568 0.0618527918781726
0 0.7443908629441625 0.38368020304568523 0.15505076142131988 0.06408629441624365
0 0.60251269035533 0.3547969543147208 0.13309644670050774 0.03571065989847714
0 0.640736040609137 0.4002284263959391 0.09769035532994925 0.02840101522842639
0 0.6702791878172588 0.44015228426395936 0.12411167512690349 0.06076142131979695
0 0.6052030456852792 0.4699746192893401 0.11269035532994919 0.04916243654822336
0 0.6756852791878173 0.5097715736040609 0.10527918781725892 0.06043147208121828
0 0.8015482233502538 0.426497461928934 0.07796954314720819 0.04530456852791884
0 0.7339340101522843 0.8635786802030457 0.15814720812182756 0.1315482233502539