0 0.7029702970297029 0.20874587458745875 0.5841584158415841 0.3465346534653465
0 0.4760726072607261 0.4051155115511551 0.18151815181518152 0.07260726072607261
0 0.5643564356435643 0.49504950495049505 0.15841584158415842 0.07590759075907591
0 0.3572607260726073 0.46534653465346537 0.057755775577557754 0.036303630363036306
0 0.43564356435643564 0.5602310231023102 0.09075907590759076 0.0627062706270627
0 0.2524752475247525 0.6196369636963697 0.1551155115511551 0.06435643564356436
0 0.3943894389438944 0.6485148514851485 0.13366336633663367 0.036303630363036306
0 0.3556105610561056 0.6031353135313532 0.09735973597359736 0.028052805280528052
0 0.3259075907590759 0.5627062706270627 0.12376237623762376 0.06105610561056106
0 0.3910891089108911 0.533003300330033 0.11221122112211221 0.04950495049504951
0 0.32405940594059407 0.4933993399339934 0.10561056105610561 0.06105610561056106
0 0.19471947194719472 0.5767326732673267 0.07920792079207921 0.0462046204620462
0 0.2604950495049505 0.13943894389438943 0.15841584158415842 0.132013201320132