0 0.2708333333333333 0.8020833333333334 0.5416666666666666 0.3645833333333333
0 0.4730902777777778 0.5963541666666666 0.1909722222222222 0.0763888888888889
0 0.3802083333333333 0.5017361111111112 0.16666666666666666 0.0798611111111111
0 0.5980902777777778 0.5329861111111112 0.06076388888888889 0.03819444444444445
0 0.515625 0.4331597222222222 0.0954861111111111 0.06597222222222222
0 0.7083333333333334 0.3706597222222222 0.16319444444444445 0.06770833333333333
0 0.5590277777777778 0.3402777777777778 0.140625 0.03819444444444445
0 0.5998263888888888 0.3880208333333333 0.10243055555555555 0.029513888888888888
0 0.6310763888888888 0.4305555555555556 0.13020833333333334 0.0642361111111111
0 0.5625 0.4618055555555556 0.11805555555555555 0.052083333333333336
0 0.6330208333333334 0.5034722222222222 0.1111111111111111 0.0642361111111111
0 0.7690972222222222 0.4157986111111111 0.08333333333333333 0.04861111111111111
0 0.6998958333333333 0.8758680555555556 0.16666666666666666 0.1388888888888889