0 0.18951612903225806 0.33064516129032256 0.3790322580645161 0.603225806451613
0 0.3959677419354839 0.532258064516129 0.08870967741935484 0.18387096774193548
0 0.47419354838709676 0.43525806451612903 0.09032258064516129 0.16129032258064516
0 0.4669354838709677 0.6411290322580645 0.04032258064516129 0.05806451612903226
0 0.5508064516129032 0.5556451612903226 0.07096774193548387 0.09516129032258064
0 0.6274193548387097 0.7274193548387097 0.07903225806451612 0.15806451612903225
0 0.6411290322580645 0.5870967741935483 0.04838709677419355 0.13225806451612904
0 0.6008064516129032 0.6290322580645161 0.037096774193548385 0.0967741935483871
0 0.5645161290322581 0.6620967741935484 0.07258064516129033 0.12580645161290321
0 0.5290322580645161 0.6016129032258064 0.05967741935483871 0.11451612903225807
0 0.4975806451612903 0.6741935483870968 0.06774193548387097 0.10806451612903226
0 0.5911290322580646 0.7879032258064517 0.0532258064516129 0.08225806451612903
0 0.1596774193548387 0.7669354838709678 0.14516129032258066 0.16774193548387098