0 0.21993127147766323 0.3118556701030928 0.422680412371134 0.6237113402061856
0 0.4054982817869416 0.5601374570446735 0.09450171821305842 0.1958762886597938
0 0.5085910652920962 0.47656357388316156 0.09621993127147767 0.1718213058419244
0 0.45532646048109965 0.6898625429553265 0.0429553264604811 0.061855670103092786
0 0.5618556701030928 0.6185567010309279 0.07560137457044673 0.1013745704467354
0 0.6039518900343642 0.8144329896907216 0.08419243986254296 0.16838487972508592
0 0.6486254295532646 0.6709621993127147 0.05154639175257732 0.140893470790378
0 0.5979381443298969 0.7061855670103093 0.03951890034364261 0.10309278350515463
0 0.552405498281787 0.7328178694158075 0.07731958762886598 0.13402061855670103
0 0.5311683848797251 0.6615120274914089 0.06357388316151202 0.12199312714776632
0 0.4802405498281787 0.7302405498281787 0.07216494845360824 0.11512027491408934
0 0.5532646048109966 0.8702749140893471 0.05670103092783505 0.08762886597938144
0 0.10934707903780067 0.7525773195876289 0.15463917525773196 0.17869415807560138