0 0.7061855670103093 0.17268041237113402 0.5876288659793815 0.34536082474226804
0 0.4769845360824742 0.3673453608247423 0.18489690721649488 0.07368556701030922
0 0.5661082474226804 0.45793814432989693 0.16123711340206187 0.07698453608247424
0 0.35610824742268044 0.42829896907216497 0.057680412371134006 0.03585051546391759
0 0.43515463917525776 0.5247164948453609 0.09219072164948448 0.06280927835051547
0 0.24925257731958758 0.5846134020618557 0.1574484536082475 0.06507731958762887
0 0.39332474226804126 0.6139432989690722 0.13515463917525788 0.036262886597938124
0 0.35451030927835053 0.5678092783505154 0.09920103092783507 0.028840206185567003
0 0.32451030927835056 0.5272680412371135 0.1260309278350515 0.06170103092783505
0 0.3905927835051547 0.4969845360824743 0.11443298969072159 0.04992268041237115
0 0.31902061855670094 0.4565721649484536 0.10690721649484541 0.0613659793814433
0 0.19121134020618555 0.5411340206185568 0.07917525773195884 0.046005154639175316
0 0.2598711340206185 0.09729381443298969 0.1605927835051548 0.13358247422680422