0 0.24161073825503357 0.7130872483221476 0.412751677852349 0.5738255033557047
0 0.4228187919463087 0.48825503355704697 0.09228187919463088 0.1912751677852349
0 0.5234899328859061 0.5698657718120805 0.09395973154362416 0.16778523489932887
0 0.4714765100671141 0.3615771812080537 0.04194630872483222 0.06040268456375839
0 0.575503355704698 0.4312080536912752 0.0738255033557047 0.09899328859060402
0 0.6166107382550335 0.23993288590604026 0.08221476510067115 0.1644295302013423
0 0.660234899328859 0.3800335570469799 0.050335570469798654 0.13758389261744966
0 0.610738255033557 0.34563758389261745 0.03859060402684564 0.10067114093959731
0 0.5662751677852349 0.3196308724832215 0.07550335570469799 0.13087248322147652
0 0.5455369127516778 0.38926174496644295 0.06208053691275168 0.11912751677852348
0 0.49580536912751677 0.3221476510067114 0.07046979865771812 0.11241610738255034
0 0.5671140939597316 0.18540268456375839 0.05536912751677853 0.08557046979865772
0 0.1336241610738255 0.30033557046979864 0.15100671140939598 0.174496644295302