0 0.6001718213058419 0.13431271477663223 0.242852233676976 0.19890034364261167
0 0.5975429553264604 0.478573883161512 0.19527491408934705 0.12068728522336772
0 0.6915979381443299 0.594828178694158 0.14812714776632308 0.05943298969072171
0 0.7062714776632303 0.6726632302405499 0.12462199312714772 0.04472508591065288
0 0.5765463917525774 0.6327319587628866 0.13742268041237116 0.06178694158075607
0 0.4224226804123711 0.5677319587628866 0.10498281786941585 0.049295532646048204
0 0.37338487972508594 0.6562886597938145 0.08266323024054985 0.03254295532646057
0 0.42125429553264604 0.6239862542955326 0.08943298969072166 0.050171821305842
0 0.10618556701030928 0.1998281786941581 0.10604810996563574 0.08902061855670114
0 0.5003951890034365 0.6711340206185568 0.07237113402061857 0.03871134020618552
0 0.5982817869415807 0.6798625429553264 0.06458762886597944 0.026804123711340246
0 0.6277147766323024 0.7138659793814434 0.08536082474226796 0.039003436426116915
0 0.5892439862542955 0.732147766323024 0.09146048109965639 0.031512027491408794
0 0.6526116838487972 0.7781271477663231 0.06465635738831614 0.023436426116838466