0 0.55984375 0.824734375 0.22084375000000006 0.18087499999999998
0 0.557453125 0.511671875 0.17757812499999998 0.10975000000000001
0 0.6429843749999999 0.405953125 0.13470312500000006 0.05404687500000005
0 0.656328125 0.335171875 0.11332812499999996 0.040671874999999955
0 0.538359375 0.371484375 0.12496875000000003 0.05618749999999997
0 0.39820312499999994 0.43059375 0.09546874999999999 0.04482812500000009
0 0.353609375 0.3500625 0.07517187500000003 0.029593749999999995
0 0.39714062499999997 0.3794375 0.08132812500000001 0.045624999999999985
0 0.110625 0.76515625 0.0964375 0.0809531250000001
0 0.46910937500000005 0.3365625 0.06581250000000001 0.03520312500000004
0 0.558125 0.328625 0.05873437500000005 0.024375000000000036
0 0.584890625 0.297703125 0.07762499999999992 0.03546874999999998
0 0.54990625 0.28107812499999996 0.08317187500000003 0.02865624999999996
0 0.60753125 0.23926562499999998 0.05879687499999999 0.021312499999999977