0 0.5719155844155844 0.8487500000000001 0.229448051948052 0.1879220779220779
0 0.5694318181818182 0.5234902597402598 0.18449675324675321 0.11402597402597404
0 0.6582954545454546 0.4136525974025974 0.13995129870129877 0.056152597402597454
0 0.6721590909090909 0.34011363636363634 0.11774350649350646 0.042256493506493464
0 0.5495941558441558 0.3778409090909091 0.12983766233766236 0.058376623376623346
0 0.4039772727272727 0.43925324675324673 0.09918831168831173 0.046574675324675414
0 0.3576461038961039 0.35558441558441556 0.07810064935064938 0.030746753246753245
0 0.4028733766233766 0.3861038961038961 0.08449675324675326 0.047402597402597384
0 0.10519480519480519 0.7868506493506493 0.1001948051948052 0.08410714285714295
0 0.4776461038961039 0.34155844155844156 0.06837662337662338 0.03657467532467537
0 0.5701298701298702 0.3333116883116883 0.061022727272727326 0.02532467532467536
0 0.5979383116883117 0.3011850649350649 0.08064935064935057 0.036850649350649335
0 0.5615909090909091 0.28391233766233764 0.08641233766233769 0.029772727272727232
0 0.621461038961039 0.24047077922077922 0.06108766233766233 0.02214285714285712