0 0.5065000000000001 0.92015625 0.28481249999999997 0.08084375000000002
0 0.716359375 0.836875 0.11079687499999995 0.041703125000000084
0 0.590703125 0.7754375 0.1911875 0.06306249999999994
0 0.6596093749999999 0.721140625 0.09343749999999992 0.019374999999999965
0 0.634234375 0.60421875 0.11481250000000003 0.047531249999999935
0 0.46396875 0.6964375 0.11082812499999992 0.06612500000000007
0 0.407484375 0.8494375 0.22379687500000003 0.037968749999999926
0 0.253578125 0.7646875 0.07225000000000001 0.03915624999999991
0 0.27014062499999997 0.676671875 0.10056250000000003 0.012156249999999957
0 0.31 0.622515625 0.05289062500000004 0.02162500000000005
0 0.41390625 0.558734375 0.061437500000000034 0.021781250000000085
0 0.497359375 0.507921875 0.08682812500000008 0.029671875000000014
0 0.9135312499999999 0.662578125 0.12771875000000002 0.077734375