0 0.15666666666666668 0.4216666666666667 0.12333333333333334 0.20666666666666667
0 0.26166666666666666 0.26 0.09 0.26
0 0.32 0.17916666666666667 0.08833333333333333 0.19166666666666668
0 0.32416666666666666 0.3433333333333333 0.043333333333333335 0.1
0 0.4083333333333333 0.5 0.08166666666666667 0.215
0 0.3625 0.545 0.065 0.18
0 0.48833333333333334 0.7141666666666666 0.06666666666666667 0.14166666666666666
0 0.4425 0.34833333333333333 0.058333333333333334 0.24
0 0.475 0.22083333333333333 0.041666666666666664 0.09
0 0.5366666666666666 0.22666666666666666 0.03666666666666667 0.085
0 0.5291666666666667 0.41333333333333333 0.04 0.10833333333333334
0 0.5658333333333333 0.2825 0.03833333333333333 0.10166666666666667
0 0.6233333333333333 0.365 0.03166666666666667 0.07166666666666667
0 0.615 0.5766666666666667 0.028333333333333332 0.08166666666666667
0 0.505 0.5558333333333333 0.06666666666666667 0.22333333333333333
0 0.6791666666666667 0.2825 0.028333333333333332 0.06333333333333334