0 0.5756209150326796 0.18050653594771246 0.19366013071895422 0.10044117647058828
0 0.7197712418300654 0.012254901960784314 0.1388888888888889 0.024509803921568627
0 0.7233006535947712 0.2999183006535948 0.25019607843137254 0.06271241830065359
0 0.7955718954248365 0.36459150326797385 0.18106209150326788 0.06913398692810449
0 0.6358823529411766 0.3523039215686275 0.09547385620915025 0.03338235294117639
0 0.4740849673202614 0.41710784313725485 0.20679738562091493 0.059624183006535963
0 0.43485294117647055 0.36849673202614375 0.173562091503268 0.04622549019607837
0 0.25651960784313727 0.4735294117647059 0.13364379084967323 0.052352941176470526
0 0.6183496732026144 0.46676470588235297 0.23387254901960783 0.03321895424836608
0 0.7394281045751634 0.5117320261437909 0.0838725490196079 0.0337745098039215
0 0.7274183006535948 0.571437908496732 0.07996732026143781 0.02746732026143782
0 0.5454575163398693 0.5449019607843137 0.10316993464052285 0.030261437908496704
0 0.669673202614379 0.593921568627451 0.09771241830065353 0.027745098039215717
0 0.583578431372549 0.6409967320261437 0.06880718954248369 0.024101307189542485
0 0.3780882352941176 0.6120098039215687 0.07763071895424835 0.01921568627450979
0 0.40950980392156866 0.5062091503267974 0.21588235294117647 0.0422875816993464
0 0.6587745098039216 0.703921568627451 0.06084967320261439 0.021437908496732033