0 0.36975778546712806 0.8469377162629758 0.2050519031141868 0.10634948096885818
0 0.21339100346020756 0.7205017301038062 0.26491349480968857 0.06640138408304498
0 0.13686851211072668 0.6520242214532872 0.191712802768166 0.0732006920415224
0 0.3059515570934256 0.6650346020761245 0.1010899653979238 0.035346020761245586
0 0.4772664359861592 0.5964186851211073 0.21896193771626288 0.06313148788927338
0 0.5188062283737024 0.6478892733564015 0.1837716262975779 0.04894463667820063
0 0.7076297577854671 0.5366782006920415 0.14150519031141862 0.05543252595155703
0 0.32451557093425604 0.5438408304498269 0.24762975778546711 0.035173010380622906
0 0.1963148788927336 0.4962283737024221 0.08880622837370249 0.03576124567474041
0 0.2090311418685121 0.4330103806228373 0.0846712802768165 0.02908304498269887
0 0.4016955017301038 0.46110726643598615 0.1092387543252595 0.03204152249134945
0 0.27017301038062286 0.4092041522491349 0.10346020761245667 0.029377162629757817
0 0.36133217993079586 0.35935986159169553 0.07285467128027684 0.02551903114186851
0 0.5789100346020761 0.3900519031141868 0.08219723183391002 0.02034602076124566
0 0.5456401384083045 0.5020761245674741 0.22858131487889274 0.044775086505190305
0 0.28171280276816607 0.2927335640138408 0.06442906574394465 0.02269896193771627