0 0.20508474576271185 0.511864406779661 0.15254237288135594 0.22033898305084745
0 0.01440677966101695 0.6050847457627119 0.0288135593220339 0.15593220338983052
0 0.28559322033898304 0.6915254237288135 0.1288135593220339 0.2677966101694915
0 0.3285762711864407 0.7813559322033898 0.11694915254237288 0.2
0 0.3610169491525424 0.6177966101694915 0.0576271186440678 0.10338983050847457
0 0.4703389830508475 0.4728813559322034 0.1135593220338983 0.22203389830508474
0 0.43135593220338986 0.42033898305084744 0.09152542372881356 0.1864406779661017
0 0.5847457627118644 0.27033898305084747 0.08813559322033898 0.14745762711864407
0 0.48050847457627116 0.6313559322033898 0.09491525423728814 0.2423728813559322
0 0.49322033898305084 0.764406779661017 0.05593220338983051 0.09322033898305085
0 0.5559322033898305 0.7677966101694915 0.04915254237288136 0.08813559322033898
0 0.5788135593220339 0.5796610169491525 0.0576271186440678 0.11186440677966102
0 0.5940677966101695 0.7169491525423729 0.05423728813559322 0.10508474576271186
0 0.6652542372881356 0.6432203389830509 0.0423728813559322 0.07457627118644068
0 0.690677966101695 0.431593220338983 0.04067796610169491 0.08305084745762711
0 0.5771186440677966 0.4322033898305085 0.1 0.2271186440677966
0 0.7076271186440678 0.7347457627118644 0.03728813559322034 0.06610169491525424