0 0.23371621621621624 0.14864864864864866 0.07432432432432433 0.14189189189189189
0 0.3234797297297297 0.19256756756756757 0.0929054054054054 0.17736486486486486
0 0.25760135135135137 0.41216216216216217 0.08277027027027027 0.06756756756756757
0 0.375 0.34375 0.05574324324324324 0.06756756756756757
0 0.7128378378378378 0.19763513513513514 0.13682432432432431 0.16722972972972974
0 0.799831081081081 0.3091216216216216 0.17060810810810811 0.14864864864864866
0 0.6131756756756757 0.46959459459459457 0.08277027027027027 0.09966216216216216
0 0.5109797297297297 0.44341216216216217 0.0777027027027027 0.08277027027027027
0 0.3420608108108108 0.5008445945945946 0.06925675675675676 0.09628378378378379
0 0.23057432432432431 0.518581081081081 0.05912162162162162 0.07263513513513513
0 0.36655405405405406 0.6157094594594594 0.0472972972972973 0.04560810810810811
0 0.44172297297297297 0.5886824324324325 0.03209459459459459 0.03547297297297297
0 0.5278716216216216 0.5777027027027027 0.12162162162162163 0.10472972972972973
0 0.2668918918918919 0.6283783783783784 0.033783783783783786 0.03885135135135135
0 0.24577702702702703 0.6967905405405406 0.04222972972972973 0.037162162162162164
0 0.3403716216216216 0.6934121621621622 0.05912162162162162 0.05574324324324324
0 0.43834459459459457 0.6782094594594594 0.0625 0.04222972972972973
0 0.21621621621621623 0.5988175675675675 0.03885135135135135 0.028716216216216218
0 0.20523648648648649 0.6587837837837838 0.04054054054054054 0.033783783783783786