0 0.1975 0.8083333333333333 0.15 0.09666666666666666
0 0.225 0.715 0.18833333333333332 0.12
0 0.44916666666666666 0.7416666666666667 0.08 0.09
0 0.3625 0.6391666666666667 0.075 0.065
0 0.16333333333333333 0.3358333333333333 0.18666666666666668 0.16166666666666665
0 0.25666666666666665 0.2325 0.17333333333333334 0.19166666666666668
0 0.44416666666666665 0.3858333333333333 0.11166666666666666 0.09833333333333333
0 0.43856666666666666 0.49 0.09333333333333334 0.09
0 0.5208333333333334 0.6441666666666667 0.10333333333333333 0.08333333333333333
0 0.5575 0.7491666666666666 0.07833333333333334 0.07
0 0.6302333333333333 0.6008333333333333 0.05 0.05333333333333334
0 0.5891666666666666 0.5325 0.04 0.035
0 0.5641666666666667 0.4508333333333333 0.12333333333333334 0.13666666666666666
0 0.6583333333333333 0.6958333333333333 0.041666666666666664 0.04
0 0.7283333333333334 0.7041666666666667 0.043333333333333335 0.04666666666666667
0 0.7083333333333334 0.6125 0.06333333333333334 0.06666666666666667
0 0.6766666666666666 0.52 0.05333333333333334 0.06833333333333333
0 0.6375 0.75 0.03333333333333333 0.041666666666666664
0 0.6983333333333334 0.75 0.04 0.045