0 0.3487762237762238 0.20716783216783216 0.20804195804195805 0.10839160839160839
0 0.19493006993006992 0.020104895104895104 0.1486013986013986 0.04020979020979021
0 0.18944055944055946 0.3347902097902098 0.2674825174825175 0.06643356643356643
0 0.11363636363636363 0.40384615384615385 0.19405594405594406 0.07517482517482517
0 0.28496503496503495 0.39073426573426573 0.10139860139860139 0.03496503496503497
0 0.458041958041958 0.4606643356643357 0.22202797202797203 0.06468531468531469
0 0.498006993006993 0.40821678321678323 0.1853146853146853 0.04895104895104895
0 0.6905594405594405 0.5209790209790209 0.14335664335664336 0.055944055944055944
0 0.30332167832167833 0.5131118881118881 0.25 0.03496503496503497
0 0.17395104895104896 0.5611888111888111 0.09090909090909091 0.03671328671328671
0 0.18706293706293706 0.625 0.08566433566433566 0.02972027972027972
0 0.3811188811188811 0.597027972027972 0.11013986013986014 0.033216783216783216
0 0.24825174825174826 0.6494755244755245 0.1048951048951049 0.02972027972027972
0 0.3409090909090909 0.7001748251748252 0.07342657342657342 0.026223776223776224
0 0.5603146853146853 0.6687062937062938 0.08391608391608392 0.02097902097902098
0 0.5270979020979021 0.5559440559440559 0.23076923076923078 0.045454545454545456
0 0.26048951048951047 0.7674825174825175 0.06468531468531469 0.022727272727272728