0 0.7683225806451613 0.8161612903225807 0.07072580645161294 0.13472580645161286
0 0.6847903225806452 0.7741935483870968 0.08835483870967738 0.1690483870967741
0 0.7472419354838709 0.5648225806451613 0.0781612903225807 0.06382258064516137
0 0.6355806451612903 0.6294838709677419 0.05333870967741944 0.06409677419354841
0 0.31295161290322576 0.7691451612903226 0.13035483870967732 0.1598064516129031
0 0.2298870967741935 0.6632580645161291 0.16258064516129025 0.14130645161290326
0 0.408 0.5093225806451612 0.07929032258064511 0.09543548387096767
0 0.5057258064516129 0.5342903225806451 0.07404838709677414 0.07916129032258071
0 0.6668064516129032 0.479758064516129 0.06616129032258061 0.09143548387096764
0 0.7736290322580645 0.4627258064516129 0.05649999999999995 0.06841935483870962
0 0.6433709677419355 0.37001612903225806 0.04411290322580649 0.042935483870967746
0 0.5718225806451612 0.3957258064516129 0.030064516129032236 0.033693548387096754
0 0.4891774193548387 0.4064193548387097 0.11540322580645154 0.09917741935483873
0 0.7384193548387097 0.35843548387096774 0.03320967741935489 0.03630645161290321
0 0.7586774193548387 0.2924032258064516 0.04040322580645154 0.03509677419354837
0 0.6688064516129032 0.29612903225806453 0.056370967741935556 0.05246774193548392
0 0.5753387096774193 0.3101935483870968 0.05967741935483871 0.04088709677419358
0 0.787483870967742 0.3862258064516129 0.0373709677419356 0.026693548387096793
0 0.7972741935483871 0.32887096774193547 0.03764516129032263 0.031096774193548435