0 0.8070934256055363 0.7768166089965398 0.15570934256055363 0.10034602076124567
0 0.7785467128027682 0.6799307958477508 0.19550173010380623 0.1245674740484429
0 0.5458477508650519 0.7076124567474048 0.08304498269896193 0.09342560553633218
0 0.6358131487889274 0.6012110726643599 0.07785467128027682 0.06747404844290658
0 0.842560553633218 0.28633217993079585 0.19377162629757785 0.16782006920415224
0 0.745674740484429 0.17906574394463667 0.17993079584775087 0.19896193771626297
0 0.551038062283737 0.3382352941176471 0.11591695501730104 0.10207612456747404
0 0.5568512110726643 0.4463667820069204 0.09688581314878893 0.09342560553633218
0 0.47145328719723184 0.606401384083045 0.10726643598615918 0.08650519031141868
0 0.4333910034602076 0.7153979238754326 0.08131487889273356 0.0726643598615917
0 0.3578892733564014 0.5614186851211073 0.05190311418685121 0.05536332179930796
0 0.4005190311418685 0.49048442906574397 0.04152249134948097 0.03633217993079585
0 0.4264705882352941 0.40570934256055363 0.12802768166089964 0.14186851211072665
0 0.328719723183391 0.6600346020761245 0.04325259515570934 0.04152249134948097
0 0.2560553633217993 0.6686851211072664 0.04498269896193772 0.04844290657439446
0 0.2768166089965398 0.5735294117647058 0.0657439446366782 0.06920415224913495
0 0.3096885813148789 0.47750865051903113 0.05536332179930796 0.07093425605536333
0 0.35034602076124566 0.7162629757785467 0.03460207612456748 0.04325259515570934
0 0.28719723183391005 0.7162629757785467 0.04152249134948097 0.04671280276816609