0 0.4158805031446541 0.2099056603773585 0.1871069182389937 0.09748427672955975
0 0.2775157232704403 0.029874213836477988 0.13364779874213836 0.059748427672955975
0 0.27257861635220126 0.324685534591195 0.24056603773584906 0.059748427672955975
0 0.20440251572327045 0.3867924528301887 0.17452830188679244 0.06761006289308176
0 0.3584905660377358 0.375 0.09119496855345911 0.031446540880503145
0 0.5141509433962265 0.4378930817610063 0.19968553459119498 0.05817610062893082
0 0.5500943396226415 0.39072327044025157 0.16666666666666666 0.0440251572327044
0 0.7232704402515723 0.4921383647798742 0.1289308176100629 0.050314465408805034
0 0.375 0.485062893081761 0.2248427672955975 0.031446540880503145
0 0.2586477987421384 0.5283018867924528 0.08176100628930817 0.0330188679245283
0 0.27044025157232704 0.585691823899371 0.0770440251572327 0.026729559748427674
0 0.4449685534591195 0.5605345911949685 0.09905660377358491 0.029874213836477988
0 0.32547169811320753 0.6077044025157232 0.09433962264150944 0.026729559748427674
0 0.4088050314465409 0.6533018867924528 0.0660377358490566 0.02358490566037736
0 0.6061320754716981 0.625 0.07547169811320754 0.018867924528301886
0 0.5762578616352201 0.5235849056603774 0.20754716981132076 0.040880503144654086
0 0.33647798742138363 0.7138364779874213 0.05817610062893082 0.020440251572327043