0 0.7008064516129032 0.8604838709677419 0.09516129032258064 0.14677419354838708
0 0.6266129032258064 0.8032258064516129 0.11935483870967742 0.18387096774193548
0 0.728225806451613 0.6096774193548387 0.08870967741935484 0.07741935483870968
0 0.6056451612903225 0.6524193548387097 0.06451612903225806 0.07419354838709677
0 0.2629032258064516 0.7274193548387097 0.15806451612903225 0.18225806451612903
0 0.20161290322580644 0.6072580645161291 0.1870967741935484 0.17096774193548386
0 0.4056451612903226 0.49112903225806454 0.09516129032258064 0.10806451612903226
0 0.4986129032258064 0.5338709677419354 0.08870967741935484 0.09193548387096774
0 0.6653225806451613 0.5112903225806451 0.08225806451612903 0.10161290322580645
0 0.7733870967741936 0.5145161290322581 0.06774193548387097 0.07741935483870968
0 0.6637096774193548 0.39919354838709675 0.05161290322580645 0.05
0 0.5879032258064516 0.4104838709677419 0.035483870967741936 0.03870967741935484
0 0.5048387096774194 0.40483870967741936 0.1338709677419355 0.12096774193548387
0 0.7588709677419355 0.40483870967741936 0.03870967741935484 0.04032258064516129
0 0.7911290322580645 0.34516129032258064 0.0467741935483871 0.041935483870967745
0 0.7024193548387097 0.33064516129032256 0.06451612903225806 0.06129032258064516
0 0.6072580645161291 0.32741935483870965 0.06612903225806452 0.0532258064516129
0 0.8008064516129032 0.44193548387096776 0.041935483870967745 0.03225806451612903
0 0.8225806451612904 0.3879032258064516 0.043548387096774194 0.03870967741935484