0 0.4836655948553054 0.9339228295819936 0.2930546623794212 0.08318327974276529
0 0.26773311897106106 0.8482315112540193 0.11400321543408355 0.04290996784565925
0 0.3970257234726688 0.785016077170418 0.19672025723472672 0.06488745980707379
0 0.3261254019292605 0.7291479099678456 0.09614147909967838 0.01993569131832794
0 0.35223472668810285 0.6088424437299035 0.11813504823151129 0.048906752411575494
0 0.527427652733119 0.7037299035369775 0.11403536977491953 0.0680385852090033
0 0.5855466237942122 0.8611575562700965 0.23027331189710615 0.03906752411575556
0 0.7439067524115757 0.7739549839228296 0.07434083601286175 0.04028938906752403
0 0.7268649517684888 0.6833922829581993 0.10347266881028941 0.012508038585208959
0 0.6858520900321544 0.6276688102893891 0.0544212218649518 0.022250803858520952
0 0.5789389067524117 0.5620418006430867 0.06321543408360136 0.022411575562701052
0 0.4930707395498392 0.5097588424437299 0.08934083601286182 0.030530546623794227
0 0.06591639871382636 0.6680064308681672 0.13183279742765272 0.07877813504823152