0 0.8019169329073482 0.5095846645367412 0.14376996805111822 0.20766773162939298
0 0.9840255591054313 0.597444089456869 0.03194888178913738 0.14696485623003194
0 0.7260383386581469 0.6789137380191693 0.12140575079872204 0.2523961661341853
0 0.6855271565495208 0.7635782747603834 0.11022364217252396 0.18849840255591055
0 0.6549520766773163 0.6094249201277955 0.054313099041533544 0.09744408945686901
0 0.5519169329073482 0.4728434504792332 0.10702875399361023 0.20926517571884984
0 0.5886581469648562 0.4233226837060703 0.08626198083067092 0.1757188498402556
0 0.4440894568690096 0.2819488817891374 0.08306709265175719 0.1389776357827476
0 0.542332268370607 0.6222044728434505 0.08945686900958466 0.22843450479233227
0 0.5303514376996805 0.7476038338658147 0.052715654952076675 0.0878594249201278
0 0.4712460063897764 0.7507987220447284 0.0463258785942492 0.08306709265175719
0 0.4496805111821086 0.5734824281150159 0.054313099041533544 0.10543130990415335
0 0.4353035143769968 0.7028753993610224 0.051118210862619806 0.09904153354632587
0 0.3682108626198083 0.6333865814696485 0.039936102236421724 0.07028753993610223
0 0.3442492012779553 0.4339297124600639 0.038338658146964855 0.07827476038338659
0 0.4512779552715655 0.43450479233226835 0.09424920127795527 0.21405750798722045
0 0.3282747603833866 0.7196485623003195 0.03514376996805112 0.06230031948881789