0 0.254125 0.80315625 0.06851562500000004 0.13051562499999997
0 0.335046875 0.7625 0.08559374999999995 0.16376562499999991
0 0.274546875 0.559671875 0.07571874999999997 0.06182812500000008
0 0.38271875 0.6223124999999999 0.051671875000000034 0.06209375000000002
0 0.695265625 0.757609375 0.1262812499999999 0.15481249999999996
0 0.7757343750000001 0.6550312500000001 0.15749999999999992 0.13689062500000002
0 0.6031875 0.50590625 0.07681249999999995 0.09245312499999994
0 0.508515625 0.53009375 0.07173437499999995 0.07668750000000006
0 0.35246875 0.47726562499999997 0.06409374999999998 0.08857812499999991
0 0.24898437499999998 0.46076562499999996 0.05473437500000004 0.06628124999999993
0 0.37517187500000004 0.370953125 0.04273437500000003 0.041593750000000006
0 0.44448437500000004 0.395859375 0.029124999999999977 0.03264062500000002
0 0.524546875 0.40621875 0.11179687499999993 0.09607812500000001
0 0.28309375000000003 0.359734375 0.03217187499999996 0.035171874999999984
0 0.26346875000000003 0.295765625 0.03914062500000002 0.03399999999999999
0 0.35053125 0.299375 0.05460937499999998 0.05082812500000004
0 0.44107812500000004 0.313 0.0578125 0.03960937500000004
0 0.23556249999999998 0.38665625000000003 0.036203125000000023 0.025859375000000018
0 0.226078125 0.33109375 0.03646874999999996 0.030125000000000048