0 0.2979113924050633 0.7686075949367088 0.19824367088607597 0.15664556962025317
0 0.5098892405063291 0.5856012658227848 0.12316455696202537 0.06814873417721527
0 0.557753164556962 0.7166613924050633 0.14101265822784811 0.10631329113924042
0 0.54125 0.8458860759493672 0.19564873417721515 0.07509493670886082
0 0.8294303797468355 0.8682753164556962 0.26566455696202546 0.19533227848101273
0 0.8382278481012658 0.5828322784810127 0.13719936708860767 0.08452531645569614
0 0.2605221518987342 0.5115506329113925 0.14050632911392408 0.05393987341772157
0 0.12177215189873417 0.6390981012658228 0.15026898734177216 0.08020569620253155
0 0.6453797468354431 0.45509493670886075 0.16047468354430372 0.07488924050632918
0 0.3875791139240506 0.4475158227848101 0.10006329113924052 0.05487341772151891
0 0.4674208860759494 0.40829113924050636 0.06746835443037973 0.025110759493670892
0 0.4973101265822785 0.3236867088607595 0.08341772151898738 0.023876582278480975
0 0.6471518987341772 0.31936708860759494 0.1055696202531646 0.029825949367088645
0 0.44403481012658225 0.2442246835443038 0.05474683544303801 0.028212025316455672
0 0.5024525316455697 0.24882911392405063 0.06208860759493672 0.02117088607594936
0 0.5950949367088608 0.2691772151898734 0.09591772151898735 0.026708860759493663
0 0.6760917721518988 0.2144145569620253 0.06049050632911395 0.014556962025316438
0 0.8512816455696203 0.47841772151898737 0.1945253164556963 0.0853797468354431