0 0.2973125 0.768375 0.19576562500000003 0.1546875
0 0.506640625 0.58765625 0.12162500000000005 0.06729687500000008
0 0.55390625 0.717078125 0.13925 0.10498437499999991
0 0.537609375 0.8446875 0.19320312499999998 0.07415625000000006
0 0.8221875000000001 0.866796875 0.26234375000000015 0.19289062500000007
0 0.830875 0.584921875 0.13548437500000005 0.08346874999999994
0 0.260390625 0.51453125 0.13875 0.05326562500000005
0 0.12337499999999998 0.640484375 0.148390625 0.0792031249999999
0 0.6404375 0.45878125000000003 0.15846874999999994 0.07395312500000006
0 0.385859375 0.451296875 0.09881250000000001 0.05418749999999992
0 0.46470312500000005 0.41256250000000005 0.06662499999999998 0.024796875000000006
0 0.49421875000000004 0.329015625 0.08237500000000005 0.02357812499999996
0 0.6421875 0.32475 0.10425000000000004 0.029453125000000035
0 0.44160937499999997 0.250546875 0.054062500000000034 0.027859374999999974
0 0.49929687500000003 0.25509375 0.06131250000000001 0.020906249999999994
0 0.59078125 0.27518750000000003 0.09471875 0.026374999999999992
0 0.670765625 0.221109375 0.05973437500000003 0.014374999999999982
0 0.843765625 0.48181250000000003 0.1920937500000001 0.08431250000000005