0 0.3280730897009967 0.11877076411960133 0.09800664451827243 0.1511627906976744
0 0.40448504983388706 0.1777408637873754 0.12292358803986711 0.1893687707641196
0 0.29983388704318936 0.3770764119601329 0.09136212624584718 0.07973421926910298
0 0.4260797342192691 0.3330564784053156 0.0664451827242525 0.07641196013289037
0 0.7790697674418605 0.2558139534883721 0.16279069767441862 0.1877076411960133
0 0.8421926910299004 0.3795681063122924 0.19269102990033224 0.1760797342192691
0 0.6320598006644518 0.49916943521594687 0.09800664451827243 0.11129568106312292
0 0.536312292358804 0.45514950166112955 0.09136212624584718 0.0946843853820598
0 0.3646179401993355 0.47840531561461797 0.08471760797342193 0.10465116279069768
0 0.25332225913621265 0.4750830564784053 0.06976744186046512 0.07973421926910298
0 0.36627906976744184 0.5938538205980066 0.053156146179401995 0.05149501661129568
0 0.44435215946843853 0.5822259136212624 0.036544850498338874 0.03986710963455149
0 0.5299003322259136 0.5880398671096345 0.1378737541528239 0.12458471760797342
0 0.26827242524916944 0.5880398671096345 0.03986710963455149 0.04152823920265781
0 0.2350498338870432 0.6495016611295681 0.04817275747508306 0.04318936877076412
0 0.32641196013289037 0.6644518272425249 0.0664451827242525 0.06312292358803986
0 0.42441860465116277 0.6677740863787376 0.0681063122923588 0.054817275747508304
0 0.22508305647840532 0.5498338870431894 0.04318936877076412 0.03322259136212625
0 0.2026578073089701 0.6054817275747508 0.044850498338870434 0.03986710963455149