0 0.8513513513513513 0.4239864864864865 0.125 0.20945945945945946
0 0.7449324324324325 0.26013513513513514 0.09121621621621621 0.2635135135135135
0 0.6858108108108109 0.17820945945945946 0.08952702702702703 0.19425675675675674
0 0.6815878378378378 0.34459459459459457 0.04391891891891892 0.10135135135135136
0 0.5962837837837838 0.5033783783783784 0.08277027027027027 0.2179054054054054
0 0.6427364864864865 0.5489864864864865 0.06587837837837837 0.18243243243243243
0 0.5152027027027027 0.7204391891891891 0.06756756756756757 0.14358108108108109
0 0.5616554054054054 0.34966216216216217 0.05912162162162162 0.24324324324324326
0 0.5287162162162162 0.2204391891891892 0.04222972972972973 0.09121621621621621
0 0.46621621621621623 0.22635135135135134 0.037162162162162164 0.08614864864864864
0 0.47381756756756754 0.4155405405405405 0.04054054054054054 0.1097972972972973
0 0.43665540540540543 0.2829391891891892 0.03885135135135135 0.10304054054054054
0 0.3783783783783784 0.36655405405405406 0.03209459459459459 0.07263513513513513
0 0.38682432432432434 0.581081081081081 0.028716216216216218 0.08277027027027027
0 0.4983108108108108 0.5599662162162162 0.06756756756756757 0.22635135135135134
0 0.3217905405405405 0.2829391891891892 0.028716216216216218 0.06418918918918919