0 0.7774394463667821 0.12453287197231837 0.07586505190311423 0.14451557093425602
0 0.6878373702422145 0.1695501730103806 0.09477508650519026 0.18133217993079576
0 0.7548269896193771 0.3941349480968858 0.08384083044982706 0.06846020761245683
0 0.6350519031141868 0.3247750865051904 0.0572145328719724 0.06875432525951558
0 0.2889792387543252 0.17496539792387542 0.13982698961937706 0.17141868512110714
0 0.19987889273356396 0.2885467128027681 0.17439446366782 0.15157439446366786
0 0.3909342560553633 0.4536678200692042 0.0850519031141868 0.1023702422145328
0 0.4957612456747405 0.42688581314878893 0.07942906574394458 0.08491349480968866
0 0.6685467128027681 0.48538062283737027 0.07096885813148786 0.09807958477508641
0 0.7831314878892733 0.5036505190311419 0.06060553633217988 0.07339100346020754
0 0.6434083044982699 0.6030968858131488 0.04731833910034606 0.04605536332179932
0 0.5666608996539791 0.5755190311418684 0.032249134948096864 0.0361418685121107
0 0.4780103806228374 0.5640484429065744 0.12378892733564006 0.10638408304498272
0 0.745363321799308 0.6155190311418685 0.03562283737024227 0.038944636678200674
0 0.7670934256055363 0.6863494809688582 0.04333910034602068 0.037647058823529395
0 0.6706920415224913 0.6823529411764705 0.06046712802768174 0.05628027681660895
0 0.570432525951557 0.6672664359861592 0.06401384083044982 0.043858131487889314
0 0.7979930795847751 0.5857093425605536 0.040086505190311546 0.028633217993079507
0 0.8084948096885813 0.6472318339100347 0.040380622837370296 0.033356401384082995