0 0.48006557377049175 0.9293442622950819 0.2988196721311475 0.08481967213114755
0 0.2598852459016393 0.8419672131147541 0.11624590163934422 0.04375409836065583
0 0.39172131147540984 0.7775081967213114 0.20059016393442625 0.06616393442622935
0 0.31942622950819677 0.7205409836065574 0.09803278688524583 0.02032786885245898
0 0.3460491803278688 0.5978688524590163 0.12045901639344266 0.04986885245901632
0 0.5246885245901639 0.6946229508196722 0.11627868852459008 0.06937704918032796
0 0.5839508196721311 0.8551475409836066 0.23480327868852463 0.03983606557377042
0 0.7454262295081968 0.7662295081967213 0.0758032786885246 0.04108196721311466
0 0.7280491803278689 0.6738852459016393 0.1055081967213115 0.012754098360655693
0 0.6862295081967213 0.6170655737704919 0.055491803278688565 0.022688524590163985
0 0.5772131147540984 0.5501475409836065 0.0644590163934427 0.02285245901639353
0 0.48965573770491805 0.49683606557377047 0.09109836065573779 0.03113114754098362
0 0.060655737704918035 0.6581967213114754 0.12131147540983607 0.08032786885245902