0 0.5816874999999999 0.7883281249999999 0.18518749999999998 0.09604687500000005
0 0.72009375 0.9682968750000001 0.13268749999999993 0.05935937500000001
0 0.7229062500000001 0.6741406249999999 0.23925000000000002 0.059968749999999994
0 0.792015625 0.612296875 0.1731406249999999 0.06610937499999991
0 0.6393125000000001 0.624046875 0.09129687499999992 0.03192187499999992
0 0.48459375 0.562078125 0.19774999999999995 0.057015625000000014
0 0.447078125 0.6085625 0.16596875000000005 0.04420312499999994
0 0.276546875 0.5081249999999999 0.12779687500000003 0.05006249999999994
0 0.622546875 0.51459375 0.22364062499999998 0.03176562500000006
0 0.738328125 0.47159375 0.08020312500000007 0.03229687499999993
0 0.72684375 0.4145 0.0764687499999999 0.026265624999999914
0 0.55284375 0.43987499999999996 0.09865624999999997 0.02893749999999997
0 0.6716249999999999 0.39299999999999996 0.09343749999999992 0.026531249999999985
0 0.5892968749999999 0.347984375 0.06579687500000002 0.023046875
0 0.392796875 0.37570312499999997 0.07423437499999999 0.018374999999999985
0 0.42284375 0.476875 0.2064375 0.040437499999999994
0 0.661203125 0.28781249999999997 0.05818750000000002 0.020500000000000008