0 0.808659793814433 0.16323024054982818 0.07560137457044673 0.14432989690721648
0 0.7173539518900344 0.20790378006872853 0.09450171821305842 0.18041237113402062
0 0.7843642611683849 0.43127147766323026 0.08419243986254296 0.06872852233676977
0 0.6649484536082474 0.36168384879725085 0.05670103092783505 0.06872852233676977
0 0.32130584192439865 0.21305841924398625 0.13917525773195877 0.17010309278350516
0 0.23281786941580757 0.32646048109965636 0.17353951890034364 0.15120274914089346
0 0.422680412371134 0.4896907216494845 0.08419243986254296 0.1013745704467354
0 0.5266323024054983 0.4630584192439863 0.07903780068728522 0.08419243986254296
0 0.6984536082474226 0.5214776632302406 0.070446735395189 0.0979381443298969
0 0.8118556701030928 0.5395189003436426 0.06013745704467354 0.07388316151202749
0 0.6735395189003437 0.6383161512027491 0.048109965635738834 0.04639175257731959
0 0.5970790378006873 0.6108247422680413 0.03264604810996564 0.03608247422680412
0 0.5094501718213058 0.5996563573883161 0.12371134020618557 0.10652920962199312
0 0.7749140893470791 0.6512027491408935 0.03436426116838488 0.03951890034364261
0 0.7963917525773195 0.7207903780068728 0.0429553264604811 0.037800687285223365
0 0.7001718213058419 0.7173539518900344 0.06013745704467354 0.05670103092783505
0 0.6005154639175257 0.7018900343642611 0.06357388316151202 0.0429553264604811
0 0.8264604810996563 0.6211340206185567 0.03951890034364261 0.029209621993127148
0 0.8376288659793815 0.6821305841924399 0.041237113402061855 0.03436426116838488