0 0.77848832 1 0.7867214916666666 0.9696172016666667 0.7924188 0.9482458766666667 0.816632325 0.8926805283333334 0.7995403983333333 0.8627607383333333 0.7852972033333333 0.8570617066666667 0.7411431733333333 0.8157438566666666 0.7112323383333333 0.8470884433333333 0.68132166 0.87415872 0.657108135 0.9354230983333334 0.6870188133333334 0.996687555 0.6892236283333333 1 0.77848832 1
0 0.8180566133333333 0.8413894133333333 0.8123593050000001 0.8570617066666667 0.8095107283333334 0.88555678 0.8123593050000001 0.9382726133333333 0.8266025 0.98813901 0.8337240966666667 0.9924132433333334 0.8436944283333333 0.985289495 0.8408458516666667 0.9867142916666668 0.8579376233333332 0.9354230983333334 0.8693322416666667 0.912627055 0.8835754366666667 0.8784330316666665 0.8849997249999999 0.87415872 0.822329635 0.8413894133333333 0.8180566133333333 0.8413894133333333
0 0.7852972033333333 0.671843775 0.768205275 0.725984405 0.7710540083333334 0.7402319016666666 0.7852972033333333 0.7701517716666667 0.79811611 0.7872487833333334 0.8095107283333334 0.7915230950000001 0.8137835933333333 0.7929478133333333 0.8294512333333334 0.77727552 0.8379971183333333 0.7530546816666667 0.8436944283333333 0.7416566983333333 0.8180566133333333 0.66329523 0.8137835933333333 0.66329523 0.7852972033333333 0.671843775
0 0.6741999066666667 0.6946398166666666 0.657108135 0.7231348900000001 0.6528351133333333 0.7331081533333333 0.6442892283333334 0.7445062133333333 0.6385919183333333 0.7530546816666667 0.641440495 0.7972220466666667 0.6485620916666667 0.8086201083333333 0.66565402 0.8128943416666666 0.6770486383333333 0.8029210766666667 0.7026864533333333 0.7658775383333333 0.7041107400000001 0.7459309316666667 0.7083837616666667 0.71743586 0.7041107400000001 0.7017635666666666 0.6912918333333333 0.6903655833333334 0.6741999066666667 0.6946398166666666
0 0 0.8284248983333333 0.033254643333333334 0.8014963583333333 0.028981621666666665 0.7730012866666667 0 0.779958935 0 0.8284248983333333
0 0.125835645 0.871309205 0.12298698999999999 0.8442389283333334 0.10589506166666666 0.8285666349999999 0.08310590333333334 0.8442389283333334 0.07171136333333333 0.8670349716666668 0.050346491666666666 0.8998042766666666 0.03610321833333333 0.92260032 0.02328431166666667 0.9582192183333332 0.03895187333333333 0.966767685 0.04607355 0.966767685 0.08595455833333333 0.925449835 0.10304640833333334 0.9040785883333332 0.125835645 0.871309205
0 0.41007841 1 0.407851595 0.9710419983333333 0.4149731933333333 0.936847895 0.4334894083333333 0.9268746316666666 0.47052184166666666 0.8570617066666667 0.4505813366666666 0.8185933716666667 0.4505813366666666 0.8114696233333334 0.4648245316666667 0.7516299616666667 0.4605515116666667 0.7117369083333334 0.4434595833333334 0.6846665533333334 0.442035295 0.6219774566666666 0.41212461666666667 0.6162784266666667 0.4050028616666667 0.62055266 0.38363807 0.6447735 0.37794076 0.6561714816666667 0.37366789666666667 0.6675695416666666 0.37366789666666667 0.7003388483333333 0.38363807 0.737382465 0.40072999833333334 0.7487804466666667 0.403578575 0.8100448266666667 0.37509218499999997 0.834265665 0.34518135 0.8641854566666666 0.31384622666666667 0.8983795583333334 0.28963278 0.925449835 0.26969227500000004 0.9510953916666667 0.25260034666666664 0.9981122733333333 0.24832740333333334 0.9981122733333333 0.2687591166666667 1 0.41007841 1
0 0.6072567950000001 0.5436159883333334 0.5844675583333334 0.5535892516666666 0.5616784766666667 0.5592882816666667 0.54885957 0.59063287 0.5289190666666667 0.6348002349999999 0.54885957 0.66329523 0.5588297449999999 0.6675695416666666 0.5673757866666667 0.66899426 0.5930136 0.617703145 0.6271973 0.5991813366666666 0.64286494 0.5835090416666667 0.6528351133333333 0.5621377966666666 0.63716763 0.5436159883333334 0.6072567950000001 0.5436159883333334
0 0.7112323383333333 0.47665257833333335 0.6855945250000001 0.47665257833333335 0.6670783083333334 0.4809268133333333 0.6343188966666666 0.52366946 0.6343188966666666 0.526518975 0.6300460333333333 0.539341755 0.6585324233333334 0.5763852933333333 0.6713513299999999 0.560713 0.6870188133333334 0.5621377966666666 0.6984134316666667 0.560713 0.7069594733333333 0.5379169583333333 0.7169296483333333 0.5008734183333333 0.72547569 0.49659910666666673 0.7112323383333333 0.47665257833333335
0 0.7824484700000001 0.5621377966666666 0.76393241 0.5564387666666667 0.7511135033333333 0.563562515 0.75965939 0.593482385 0.7724782966666667 0.6048803666666667 0.7895702233333334 0.6063051633333333 0.7966918216666666 0.6006061333333333 0.80238913 0.5763852933333333 0.7909945116666667 0.563562515 0.7824484700000001 0.5621377966666666
0 0.7069594733333333 0.33702677 0.6870188133333334 0.3427257616666667 0.6699270416666667 0.34984955 0.6628054433333334 0.3598228133333333 0.6642297316666667 0.37691986499999997 0.6685027533333333 0.38689312833333334 0.6855945250000001 0.39829114833333334 0.6974661633333333 0.4051718266666667 0.7083837616666667 0.401140665 0.729748555 0.3811941366666667 0.7354458633333333 0.37264559166666666 0.7425674616666667 0.3484247916666667 0.7311728433333333 0.3441505183333333 0.7069594733333333 0.33702677
0 0.67562435 0.29998319166666665 0.7069594733333333 0.298558435 0.71977838 0.26578909 0.71550536 0.2543910683333333 0.6927161216666667 0.244417805 0.6585324233333334 0.24584256166666668 0.6457135166666667 0.250116835 0.6314703216666666 0.2543910683333333 0.6072567950000001 0.255815825 0.5801946933333333 0.26578909 0.5759216716666666 0.28146138333333337 0.5759216716666666 0.29428416166666665 0.578770405 0.315655485 0.5702243633333333 0.32420399166666664 0.5616784766666667 0.33560201333333334 0.5531325916666666 0.3427257616666667 0.540313685 0.358398055 0.534616375 0.37976938 0.540313685 0.38831788500000003 0.563102765 0.39686639166666665 0.5702243633333333 0.39686639166666665 0.5730730966666667 0.3911674 0.58874058 0.36267232833333335 0.6015594866666667 0.339876285 0.6072567950000001 0.33702677 0.6143783933333333 0.32705350666666666 0.6457135166666667 0.3170802033333333 0.67562435 0.29998319166666665
0 0.3280895 0.4510070216666667 0.3238164783333333 0.4638298 0.3266651333333333 0.47380306333333333 0.33521109666666665 0.478077375 0.35087865833333337 0.4866258433333333 0.3765164716666667 0.4837763283333334 0.38078949333333334 0.46810403333333334 0.37794076 0.44815750666666665 0.35230294666666667 0.43960904 0.33805975166666663 0.4438832733333334 0.3280895 0.4510070216666667
0 0.26114631166666663 0.63195072 0.281086815 0.6134289116666667 0.3181192483333333 0.5792348083333333 0.32239219 0.5621377966666666 0.26114631166666663 0.5493150183333334 0.24547875 0.5493150183333334 0.23123547666666666 0.5478902216666667 0.24832740333333334 0.5165457116666667 0.25117605833333334 0.5108466816666667 0.24547875 0.5022981366666667 0.15574640166666667 0.5450407066666667 0.142927495 0.5564387666666667 0.142927495 0.5792348083333333 0.16714094166666668 0.5977566183333334 0.154322035 0.6276764083333333 0.14007883999999998 0.6433487033333334 0.115865315 0.671843775 0.09592481 0.6932150983333333 0.08453027 0.720285375 0.08310590333333334 0.7388071833333334 0.081681615 0.78297455 0.087378925 0.8043458733333334 0.098773465 0.8157438566666666 0.12156262333333333 0.8356903833333333 0.13720975166666666 0.823120545 0.192778755 0.8014963583333333 0.23123547666666666 0.7459309316666667 0.23265984333333337 0.725984405 0.21129497166666666 0.7117369083333334 0.20844631666666666 0.6803923199999999 0.26114631166666663 0.63195072
0 0.325240845 0.40968917 0.31669488166666665 0.42251194833333333 0.31384622666666667 0.43248521333333334 0.32096790166666667 0.43391000999999996 0.325240845 0.43106049500000004 0.3466057166666667 0.40968917 0.3565759683333333 0.3840436133333333 0.34945429166666664 0.3840436133333333 0.33805975166666663 0.38831788500000003 0.325240845 0.40968917
0 0.42494352333333335 0.5293684900000001 0.3950326883333333 0.5336427233333333 0.37794076 0.5478902216666667 0.3765164716666667 0.56641203 0.3822137816666667 0.57781009 0.397881265 0.5820843233333333 0.4021542866666667 0.574960575 0.43776243000000004 0.5678368266666667 0.45485420166666674 0.5507397366666666 0.4634002433333333 0.5336427233333333 0.4619757983333333 0.5293684900000001 0.43633798500000004 0.5279436933333334 0.42494352333333335 0.5293684900000001
0 0.41070017166666667 0.364097085 0.42779209999999995 0.37264559166666666 0.44630831666666665 0.3598228133333333 0.44773260333333337 0.352699065 0.41924621333333334 0.3484247916666667 0.40642730666666665 0.35554854 0.41070017166666667 0.364097085
0 0.30102732 0.3569732983333333 0.298178665 0.364097085 0.2939057216666667 0.36979607666666664 0.2939057216666667 0.3754951066666667 0.34803000333333334 0.3669466 0.35372731333333335 0.35554854 0.3466057166666667 0.34984955 0.3280895 0.339876285 0.3109975716666667 0.3484247916666667 0.30102732 0.3569732983333333