0 0.6744911281645569 0 0.6499438924050633 0.0577661170886076 0.6759438971518987 0.11464571835443037 0.7056462088607596 0.13882398417721517 0.7355610443037974 0.16705457120253164 0.7753690585443038 0.1256886835443038 0.7885893860759493 0.11957793670886076 0.8033070648734177 0.09036277056962025 0.7775902231012658 0.03888622626582278 0.7711269414556963 0.018907876582278483 0.7649242531645569 0 0.6744911281645569 0
0 0.807870917721519 0 0.7969906693037975 0.04735077373417721 0.7969092721518988 0.09747039873417722 0.8010257167721518 0.1243440743670886 0.8072058354430379 0.13891936708860758 0.8112569430379747 0.13870705696202532 0.8690441487341772 0.10452576265822786 0.8674814556962026 0.10054420094936709 0.8522789999999999 0.06883369778481012 0.8403435047468354 0.04778769620253164 0.8215909208860759 0.000009481012658227849 0.8243623528481013 0.001218748417721519 0.8224526566455697 0 0.807870917721519 0
0 0.8015814319620254 0.18662053955696203 0.7909909556962026 0.19123902215189872 0.7796872689873418 0.20808503955696203 0.7676703797468355 0.23715873892405062 0.7656774936708861 0.25080784810126583 0.7845718037974684 0.3012875094936709 0.8120035253164557 0.3079767183544304 0.8160546297468355 0.3077644098101266 0.8364675 0.23219872310126582 0.830499753164557 0.22167575949367085 0.821194253164557 0.19913741613924052 0.8055616012658228 0.18505751107594937 0.8015814319620254 0.18662053955696203
0 0.6419565981012658 0.18956830063291139 0.6414504604430379 0.23158341297468354 0.6472766265822785 0.23940484810126583 0.6559450142405063 0.24978635126582277 0.6604916518987342 0.25902935284810125 0.6781115870253165 0.2851953417721519 0.6945282310126583 0.28839836708860755 0.7061150806962025 0.27695540506329114 0.709387493670886 0.26188472784810124 0.7039205791139241 0.23508182753164558 0.7015791946202532 0.21624189556962023 0.6754323069620253 0.1823960158227848 0.6641339240506329 0.17350685601265822 0.6481420174050634 0.1784083417721519 0.6419565981012658 0.18956830063291139
0 0 0.20864651898734177 0.0026736930379746837 0.21223590348101268 0.028325052215189876 0.23662654588607596 0.06250858860759494 0.242961832278481 0.06514388765822784 0.21573431487341774 0.0060221993670886076 0.17278077689873417 0.015545447784810127 0.17363619620253165 0.005526667721518987 0.16332546518987343 0 0.15759188924050632 0 0.20864651898734177
0 0.0764635585443038 0.12168269145569618 0.09834704430379747 0.15168862025316457 0.11028246518987343 0.172734625 0.1326667848101266 0.1864606898734177 0.1480923670886076 0.1707530917721519 0.1494480664556962 0.14494714398734176 0.12621418512658228 0.11501191139240506 0.10894812974683543 0.09559978639240507 0.06908538132911392 0.058409265822784814 0.06233356170886076 0.05876311392405064 0.04790441772151899 0.06764608386075949 0.06182734968354431 0.10077822943037974 0.0764635585443038 0.12168269145569618
0 0.3874070838607595 0 0.25927799683544306 0.018643335443037975 0.2633290300632911 0.01843102848101266 0.28186938924050636 0.062156906645569616 0.30204853006329113 0.08547982278481013 0.3263494905063291 0.10994116139240508 0.3577562246835443 0.14080250949367087 0.3876002674050633 0.16768229588607594 0.4158106819620253 0.18922987500000002 0.41615402848101263 0.24745408544303799 0.4005160727848101 0.25910935443037975 0.3929042405063291 0.2947245268987342 0.3945324161392405 0.3257919920886076 0.39914969778481013 0.33638580379746835 0.4051174446202532 0.34690876740506327 0.42657611392405065 0.36881018987341774 0.433540378164557 0.3725085933544304 0.4616145142405063 0.3656193939873418 0.4598500601265823 0.3061152246835443 0.4747093180379746 0.2796015110759494 0.476778295886076 0.24156795411392407 0.46030161075949366 0.1855436914556962 0.45994765981012653 0.1787899082278481 0.47694123575949365 0.1413286234177215 0.4383633180379747 0.07698135601265822 0.42031319145569623 0.06844604113924051 0.41186247626582273 0.03638161867088607 0.4127225680379747 0.001120363924050633 0.40628657436708865 0 0.3874070838607595 0
0 0.5608380617088607 0.3211397420886076 0.5433489509493671 0.34914564398734177 0.5644483670886076 0.390028457278481 0.5781589240506328 0.4191082753164557 0.6000476408227848 0.42337903322784814 0.6221488734177215 0.43170203797468354 0.6505063196202532 0.4302158876582278 0.6644398528481013 0.41187753481012657 0.6539256170886075 0.39211156170886075 0.638292966772152 0.37803165506329117 0.6049642863924051 0.362170210443038 0.5781094952531646 0.31481668829113924 0.57007807278481 0.31659203481012654 0.5608380617088607 0.3211397420886076
0 0.6439669446202532 0.43462198575949373 0.6486550142405063 0.4465665268987342 0.6487965965189874 0.44926805537974684 0.6819783939873417 0.48816321993670886 0.6997453591772151 0.4912954794303797 0.72405169778481 0.4900216392405063 0.7365642721518988 0.4704033180379747 0.7282496867088608 0.4667756060126582 0.7169567563291139 0.4321512642405063 0.7077219003164557 0.41096373101265826 0.696848256329114 0.41017908227848104 0.6820652405063291 0.4123083386075949 0.6691333765822784 0.3980868908227848 0.6439669446202532 0.43462198575949373
0 0.7918792626582278 0.3632101297468354 0.7757457800632912 0.36541016139240506 0.7641589303797468 0.37685312183544306 0.7575434651898735 0.40564374525316454 0.770050585443038 0.4117606075949367 0.7873218702531646 0.40543756170886075 0.7953532943037974 0.40366221518987344 0.8055190316455696 0.39093922151898736 0.7989141693037974 0.3682593433544304 0.7918792626582278 0.3632101297468354
0 0.6880010221518987 0.5772425870253165 0.6844454477848101 0.586910207278481 0.6839446123417722 0.6031901091772152 0.6911918892405063 0.6122915775316455 0.7077499699367088 0.6181961756329114 0.7269381930379747 0.6226084240506329 0.7495401155063292 0.6146515743670886 0.7601305933544303 0.6100331265822785 0.7521754129746836 0.5874240537974683 0.7463492452531646 0.579602545886076 0.7251029477848101 0.5617534525316455 0.7145520506329114 0.5584740965189873 0.7036388275316456 0.5655872879746835 0.6880010221518987 0.5772425870253165
0 0.6855567341772152 0.7114632215189873 0.7180359272151898 0.7111155316455696 0.7391460981012659 0.7005279129746835 0.7426308813291139 0.6895095268987341 0.7288495316455696 0.6590789446202532 0.6990709762658228 0.6592850996835443 0.6698640490506329 0.6445621550632912 0.63966075 0.6366637231012658 0.6324134715189873 0.6275622547468355 0.626870466772152 0.6251438037974684 0.6135846518987342 0.6041685696202532 0.5973150363924051 0.5779318164556961 0.594331088607595 0.5726703370253164 0.5875793433544304 0.5730241819620253 0.5663985332278481 0.5822610300632911 0.5614218481012658 0.5906486534810126 0.5678851297468355 0.610627003164557 0.5808169936708861 0.6248484509493671 0.5892730079113925 0.6311776234177215 0.5979413955696202 0.6415590901898734 0.6064683481012658 0.6492390189873417 0.604829417721519 0.6696419873417722 0.6054665300632912 0.6817988275316456 0.6102963306962026 0.6964448860759493 0.6364485221518987 0.7045555917721519 0.6594753338607595 0.7047032816455696 0.6731911930379747 0.7080478481012659 0.6855567341772152 0.7114632215189873
0 0.4063650094936708 0.4998985569620253 0.38191708860759493 0.49847087025316456 0.36748794620253167 0.5073538417721519 0.3595981819620253 0.5118307863924051 0.3573930015822785 0.5214276360759493 0.3620812215189873 0.533372167721519 0.37188762816455695 0.5396305696202531 0.38560348734177213 0.5429751360759494 0.4094850870253165 0.5335967848101265 0.41119481012658227 0.5145446186708861 0.4063650094936708 0.4998985569620253
0 0.2788762420886076 0.44427429746835445 0.293730125 0.44349583860759495 0.35115814715189875 0.42829593354430373 0.34625763449367086 0.4122991439873418 0.3094494731012658 0.38172087025316453 0.2896242848101266 0.3651517389240507 0.23725433860759493 0.3218443575949367 0.23839766455696204 0.2919860806962025 0.25794507120253163 0.27741697784810126 0.2556036139240506 0.2585771234177215 0.21638327689873418 0.20780819303797468 0.16262577373417722 0.1900680411392405 0.1471667167721519 0.17892844778481012 0.12655215506329115 0.198971375 0.1163156993670886 0.2103435648734177 0.11197612974683543 0.2308880664556962 0.11552094936708862 0.2726908797468354 0.11779161867088608 0.2901800047468355 0.12993940981012658 0.3152782642405063 0.14990618037974685 0.3345489256329114 0.1742780079113924 0.36036106012658226 0.1885601914556962 0.3745117420886076 0.20219995727848103 0.4022407579113924 0.18016428639240506 0.42100372626582283 0.18129693196202532 0.4426158797468354 0.19401642563291138 0.45278507120253164 0.2812123243670886 0.48884940506329116 0.28618900474683545 0.48046174367088607 0.2832051297468355 0.47520022468354434 0.26544347151898734 0.44633279113924057 0.2788762420886076 0.44427429746835445
0 0.38168873734177217 0.5716242215189873 0.3603715712025316 0.5524243306962026 0.35617895886075945 0.5499351075949367 0.3494979319620253 0.5516397563291139 0.35269417721518986 0.5609535316455696 0.36143342879746837 0.5726857563291139 0.3746484525316455 0.5923102246835443 0.3856635996835443 0.5957963670886076 0.3924154193037975 0.5954425189873418 0.38168873734177217 0.5716242215189873
0 0.421735710443038 0.4056345569620253 0.4070942705696202 0.4104652674050632 0.40225916930379746 0.421554457278481 0.40452976424050635 0.4390435870253165 0.42144194145569625 0.4517019256329114 0.45001175791139236 0.45426803006329114 0.4608852531645569 0.4550526867088608 0.4851207990506329 0.452428042721519 0.48625889715189874 0.44830501265822786 0.47730720253164555 0.4325205348101266 0.46025358860759497 0.41716058702531644 0.4261407674050633 0.4121760316455696 0.421735710443038 0.4056345569620253
0 0.4410935870253164 0.6199808148734177 0.45360070727848106 0.6260976772151899 0.48039531329113927 0.6206300094936709 0.47869104430379744 0.6139469920886076 0.46049933544303795 0.6027101487341773 0.44471980063291133 0.6116639287974683 0.4410935870253164 0.6199808148734177
0 0.3911305142405063 0.6225992689873417 0.38516276265822785 0.6120762325949367 0.33342462974683545 0.6066609050632912 0.33370779272151896 0.612063960443038 0.3380419841772152 0.6172546756329115 0.3410966503164557 0.623866957278481 0.3509738481012658 0.6314761234177215 0.36760286708860757 0.6387314414556962 0.38466193037974683 0.6283561313291139 0.3911305142405063 0.6225992689873417