0 0.6978334545454545 0 0.6935248181818182 0.006473160714285714 0.6643910405844156 0.0661463327922078 0.6879756428571429 0.12581942857142858 0.7171094204545454 0.15218658116883116 0.7462433506493507 0.18271702272727272 0.7892505227272727 0.14247236363636362 0.8031237646103896 0.13692135876623376 0.8197717451298702 0.10777870616883117 0.7961871428571429 0.053656613636363634 0.7906378165584416 0.03284038798701299 0.7817386850649352 0 0.6978334545454545 0
0 0.825321073051948 0.15773758441558441 0.8863633685064934 0.12581942857142858 0.8849760746753247 0.12165613798701298 0.8711028327922078 0.0883502711038961 0.8600041785714285 0.0661463327922078 0.8433563490259741 0.016187378246753245 0.8461309366883117 0.017575167207792206 0.8364195746753247 0.010636451298701298 0.8294829545454545 0.014799665584415584 0.8156097126623377 0.06337083116883116 0.812835125 0.11471742207792207 0.8156097126623377 0.14247236363636362 0.821159038961039 0.15773758441558441 0.825321073051948 0.15773758441558441
0 0.8169970064935065 0.33120594480519483 0.821159038961039 0.33120594480519483 0.8461309366883117 0.2548798392857143 0.8405816087662338 0.24377790746753247 0.8322576948051948 0.22018618181818184 0.8169970064935065 0.20492096103896104 0.812835125 0.2063086737012987 0.8017364707792207 0.2104719642857143 0.7892505227272727 0.22712489772727273 0.7753772808441558 0.25626762824675325 0.7726025405844156 0.27014506006493505 0.7892505227272727 0.3228794399350649 0.8169970064935065 0.33120594480519483
0 0.6976868506493507 0.30483871753246755 0.7101727987012988 0.2937367857142857 0.7143348327922078 0.278471564935065 0.7101727987012988 0.25071662499999997 0.7087855064935065 0.23128811201298702 0.6838136087662338 0.1952067435064935 0.6727149545454545 0.18549252435064936 0.6560669724025974 0.18965573863636362 0.6491303522727273 0.20075774675324676 0.6463557646103896 0.24377790746753247 0.6519050925324675 0.25210433766233764 0.6602290064935066 0.26320634415584415 0.6643910405844156 0.2729205616883117 0.6810388701298702 0.30067550324675324 0.6976868506493507 0.30483871753246755
0 0 0.19712667045454546 0.017896319805194807 0.21602296753246752 0.05257950162337662 0.22434939610389612 0.05674153571428572 0.19659445616883117 0 0.150646987012987 0 0.19712667045454546
0 0.1247205275974026 0.09667669967532468 0.10807262175324675 0.07586055032467533 0.06922748376623376 0.03561589123376623 0.062290785714285715 0.03561589123376623 0.0470301737012987 0.04394231980519481 0.059516121753246755 0.07863605194805194 0.07338943993506494 0.10083999025974026 0.09419937987012987 0.13275814448051948 0.10529795779220778 0.1549620827922078 0.12749518993506492 0.17022730357142857 0.14414317207792207 0.1549620827922078 0.14691783603896102 0.1285949301948052 0.1247205275974026 0.09667669967532468
0 0.3212700779220779 0 0.26622799025974025 0.005085448051948052 0.27038994805194805 0.005085448051948052 0.2870379301948052 0.05088111201298701 0.30646049999999997 0.07586055032467533 0.33004502597402596 0.10222770292207792 0.36056625000000003 0.1355336461038961 0.3897001801948052 0.16467630032467534 0.417446663961039 0.18826802597402598 0.4146720762987013 0.24794112337662336 0.39802409415584417 0.2590430535714286 0.38831288636363637 0.2951244983766234 0.38831288636363637 0.3270426542207792 0.3924747662337662 0.3381446607142857 0.39802409415584417 0.3492465909090909 0.4188339561688311 0.3728383181818182 0.4257707305194805 0.3770015324675325 0.45490450811688316 0.3714505292207792 0.45629180194805197 0.3103897207792208 0.47293978409090914 0.2840224918831169 0.4771018165584416 0.24516562175324674 0.46322857467532463 0.18688023701298703 0.46322857467532463 0.1799415211038961 0.4826511444805195 0.14247236363636362 0.4465805925324675 0.07447276136363637 0.42854531818181824 0.06475854383116883 0.42160869642857146 0.031452599025974026 0.42402734090909094 0 0.3212700779220779 0
0 0.6449684707792207 0.4477766347402597 0.6602290064935066 0.4297359123376624 0.6505177987012988 0.4089197646103896 0.6352571103896104 0.3936545422077922 0.6019612987012987 0.3756138198051948 0.5769894025974026 0.32565494155844155 0.5686653360389611 0.3270426542207792 0.5589541266233766 0.33120594480519483 0.5395315584415585 0.3589608100649351 0.5589541266233766 0.4019809707792208 0.5714400746753246 0.432511413961039 0.5936372321428571 0.4380624172077922 0.6158345405844157 0.4477766347402597 0.6449684707792207 0.4477766347402597
0 0.7309828149350649 0.49357229870129865 0.7226587483766234 0.48940900811688315 0.7129475389610389 0.453327637987013 0.7046234724025975 0.4311237012987013 0.6935248181818182 0.4297359123376624 0.6782642824675325 0.4311237012987013 0.6657783344155844 0.4158584805194805 0.6380318506493506 0.451939849025974 0.6421937305194805 0.4644295698051948 0.6421937305194805 0.4672050714285714 0.6741022483766234 0.5088375194805195 0.6921375243506493 0.5130007353896103 0.7171094204545454 0.5130007353896103 0.7309828149350649 0.49357229870129865
0 0.794799849025974 0.4283481996753246 0.8058985032467532 0.4158584805194805 0.800349176948052 0.39226675324675325 0.7934125551948052 0.38671575 0.7767645746753247 0.38810353896103894 0.7642786266233766 0.39920546915584415 0.755954711038961 0.4283481996753246 0.7684406590909091 0.43528691558441557 0.7864757824675325 0.4297359123376624 0.794799849025974 0.4283481996753246
0 0.7365319902597403 0.6420611834415584 0.7476306444805195 0.6378979301948052 0.7406940227272727 0.6143062418831169 0.7351446964285714 0.605979737012987 0.7143348327922078 0.5865513003246754 0.7037008084415585 0.5826248441558441 0.6921375243506493 0.5893268035714285 0.6754896948051948 0.6004287711038961 0.6713276607142857 0.6101429886363636 0.6699403668831169 0.6267959610389611 0.6768769886363637 0.6365101785714286 0.6935248181818182 0.6434489334415585 0.7129475389610389 0.6489998993506493 0.7365319902597403 0.6420611834415584
0 0.6532923863636364 0.6684283733766233 0.6227711623376623 0.6587141168831169 0.6158345405844157 0.6489998993506493 0.6102852142857144 0.6462243977272727 0.5977992662337662 0.6240204594155845 0.5825387305194806 0.5962655194805194 0.5797639902597402 0.5907145535714285 0.5728273685064935 0.5907145535714285 0.5506302126623377 0.5990410211038961 0.5450808847402597 0.607367487012987 0.5506302126623377 0.6281837126623376 0.5631161607142857 0.6434489334415585 0.5714400746753246 0.6503876493506494 0.5797639902597402 0.6614896185064935 0.5880880568181819 0.669816086038961 0.5853133165584415 0.6906323100649351 0.5853133165584415 0.7031220292207793 0.5894753506493506 0.71838725 0.6158345405844157 0.7281014691558442 0.6394191444805194 0.7294892191558442 0.6532923863636364 0.7336524334415584 0.6657783344155844 0.7378156866883117 0.6990741444805195 0.7392034366883117 0.7212714545454546 0.7294892191558442 0.725433487012987 0.71838725 0.7129475389610389 0.6864690568181818 0.682426314935065 0.6850813068181818 0.6532923863636364 0.6684283733766233
0 0.35362962824675326 0.5449188896103896 0.3675028701298701 0.5490821038961039 0.3924747662337662 0.5407556753246754 0.3952495064935065 0.5213272402597403 0.3910874724025974 0.5060620178571428 0.3661155762987013 0.5032865162337662 0.3508549642857143 0.5116129464285714 0.342530974025974 0.515776237012987 0.33975631006493506 0.5254904545454545 0.34391834415584416 0.5379801737012987 0.35362962824675326 0.5449188896103896
0 0.22738277597402598 0.3145529350649351 0.23015743993506493 0.2840224918831169 0.2509673798701299 0.27014506006493505 0.24958000974025973 0.25071662499999997 0.21212216396103895 0.19659445616883117 0.15799651136363638 0.17553193668831168 0.14275580194805196 0.16328858766233767 0.1205585698051948 0.18271702272727272 0.10945999188311689 0.19381895454545456 0.10391066396103896 0.21463517857142858 0.10529795779220778 0.2576553409090909 0.10668532792207794 0.27569606331168833 0.11778390584415584 0.3020632159090909 0.13720647564935065 0.3228794399350649 0.16079107792207792 0.35063437987012985 0.1746643198051948 0.3658996022727273 0.18715026785714287 0.39504225487012984 0.16356574188311687 0.4130829788961039 0.16356574188311687 0.43528691558441557 0.17605168993506493 0.4463889220779221 0.26345332792207793 0.4880212954545455 0.26900265422077924 0.47969479058441555 0.26622799025974025 0.4741437873376623 0.24958000974025973 0.4436134204545455 0.26345332792207793 0.44222563149350647 0.27871393993506494 0.44222563149350647 0.33836901623376625 0.4297359123376624 0.33420706006493506 0.4130829788961039 0.2981365081168831 0.3797770340909091 0.27871393993506494 0.36173631168831166 0.22738277597402598 0.3145529350649351
0 0.35362962824675326 0.5990410211038961 0.36472820616883117 0.6032042727272727 0.37166490422077925 0.6032042727272727 0.3619536201298701 0.5782248344155844 0.3411436801948052 0.5574086087662338 0.3369817224025974 0.5546331071428572 0.33004502597402596 0.556020896103896 0.33281968993506494 0.5657351152597403 0.3411436801948052 0.5782248344155844 0.35362962824675326 0.5990410211038961
0 0.4493551801948052 0.46304185714285717 0.4743270762987013 0.46165406818181814 0.4757145227272727 0.4574908538961039 0.46739045616883124 0.4408379188311688 0.45074262662337666 0.4241849090909091 0.41605937012987015 0.4172461931818182 0.41189733603896106 0.41030747727272726 0.39663680032467535 0.4144706915584415 0.3910874724025974 0.42557269805194803 0.3924747662337662 0.4436134204545455 0.4091227483766234 0.4574908538961039 0.4382566785714286 0.46165406818181814 0.4493551801948052 0.46304185714285717
0 0.4202214025974026 0.6309592142857143 0.4327073506493507 0.6378979301948052 0.46045383441558446 0.633734676948052 0.4590665422077922 0.6267959610389611 0.4410312662337662 0.6143062418831169 0.4243832840909091 0.6226327094155844 0.4202214025974026 0.6309592142857143
0 0.33469030844155845 0.641609551948052 0.35133829058441557 0.6499360194805195 0.36937356655844156 0.6402218003246752 0.3763101866883117 0.6346708360389611 0.37076085876623377 0.6235688295454546 0.3180424025974026 0.6152423620129871 0.3180424025974026 0.6207933652597403 0.3222043603896104 0.6263443311688311 0.32497902435064935 0.6332830844155843 0.33469030844155845 0.641609551948052