0 0.984246306930693 0.2689947293729373 0.9987235610561057 0.2586115429042904 0.998526696369637 0.25297407755775575 0.9960166831683168 0.18109668316831684 0.9540151815181518 0.17127472937293728 0.9326714785478549 0.16637573102310232 0.8768531237623761 0.1443365495049505 0.847838207920792 0.1622827887788779 0.842691199669967 0.17657329537953795 0.8033330528052806 0.2216912211221122 0.8353819306930693 0.25020478877887786 0.863201389438944 0.27886589603960393 0.9246589125412541 0.3007081518151815 0.984246306930693 0.2689947293729373
0 0.8259039125412542 0.14047139603960396 0.8260515627062706 0.14469953300330032 0.841756095709571 0.14979545709570957 0.8700502838283828 0.15162949504950496 0.9221139521452145 0.14698929867986799 0.9709643877887788 0.13117263531353135 0.9749476452145214 0.12397815346534655 0.9675542112211221 0.11435870462046203 0.9690624702970296 0.11712812706270628 0.9177194587458747 0.10198820297029702 0.8947691386138614 0.09150096864686469 0.8604421353135314 0.07858892574257426 0.8561635066006601 0.07732729207920792 0.8259039125412542 0.14047139603960396
0 0.6594188201320131 0.18297330693069305 0.7135813448844884 0.19801492739273927 0.7275807491749174 0.1947038102310231 0.7566941782178218 0.17957637623762376 0.7731686551155116 0.16630135313531355 0.7770043399339933 0.15487873102310232 0.7782664488448845 0.1506015181518152 0.762217400990099 0.13563999339933994 0.7379556864686468 0.12802080033003302 0.7264805643564357 0.12277718151815183 0.649828103960396 0.15085339273927395 0.6499757541254125 0.15508152805280528 0.6594188201320131 0.18297330693069305
0 0.6918296452145214 0.26227313036303634 0.6809943316831684 0.27535123102310227 0.6858142607260725 0.2921159306930693 0.7146006072607262 0.3080435495049505 0.7246167590759076 0.3119270709570957 0.7361903861386139 0.3199893415841584 0.7448459257425742 0.3253314224422442 0.7884509207920792 0.3209866105610561 0.7994831765676568 0.31354597194719475 0.8031219191419142 0.2964858877887789 0.7928596848184818 0.2855555759075908 0.7553193696369638 0.26146706435643563 0.7355330693069307 0.2607469735973597 0.7071896650165017 0.25750345379537953 0.6918296452145214 0.26227313036303634
0 0.8985421072607261 1 0.8735639009900991 0.9798110561056105 0.8619410561056106 0.9703393811881188 0.863695399339934 0.9801556716171617 0.8136955627062706 0.9226363036303631 0.7856474570957095 0.9278490577557755 0.7953365297029703 0.962787709570957 0.8230084207920793 0.9872208316831682 0.8403195709570956 0.9979049125412541 0.8445027706270627 1 0.8985421072607261 1
0 0.8795760462046205 0.8286154752475248 0.8528885511551155 0.8323695924092409 0.8379714752475248 0.8498235247524752 0.854266600660066 0.8718317623762377 0.8772169174917491 0.8823189191419141 0.9103802508250824 0.9023270627062706 0.93342900330033 0.9156330297029702 0.9691166996699669 0.9270865099009902 0.9770339950495048 0.9112881402640265 0.9767879141914192 0.9042412706270626 0.9345260247524753 0.8662068729372938 0.9127886732673268 0.8500330181518152 0.8795760462046205 0.8286154752475248
0 1 0.5425857640264027 0.9685164653465347 0.5461156947194719 0.9344354620462045 0.5402504438943895 0.9239271518151815 0.5222733415841584 0.8535679339933993 0.48804221452145213 0.816192698019802 0.509102495049505 0.8091437788778878 0.5093486485148515 0.7494405214521452 0.49732276402640263 0.7101141600660066 0.5029293613861386 0.6839187491749176 0.5207771419141914 0.6219373613861386 0.5243526254125412 0.6173317277227722 0.5541460429042904 0.6218071485148515 0.561045298679868 0.6465118085808581 0.5813487458745875 0.6579869290429042 0.5865923646864686 0.6694129059405941 0.59042649669967 0.701838 0.5892941881188118 0.7381479966996699 0.5781487392739274 0.7488356584158415 0.560842501650165 0.8093580792079208 0.5559069191419141 0.8343088168316831 0.5832571584158416 0.8649478646864687 0.6118199603960396 0.8998655396039604 0.6416443927392739 0.9274881369636964 0.6646681138613861 0.9535533316831684 0.683513004950495 1 0.6985843663366337 1 0.5425857640264027
0 0.5376564191419142 0.33397768481848183 0.5386899570957097 0.36357433333333333 0.5493459174917491 0.3857795726072607 0.5557725379537953 0.40813235148514854 0.5872308217821782 0.4197335264026403 0.6316232706270627 0.4379384158415841 0.6591299273927392 0.41722275412541254 0.6630148316831683 0.40720961386138615 0.6641292854785479 0.3987041105610561 0.6124910511551155 0.3751079108910891 0.5929826155115512 0.34192328382838283 0.5769335660066006 0.32696175742574257 0.5554422986798679 0.31783477392739273 0.5376564191419142 0.33397768481848183
0 0.4880820148514851 0.24822184488448845 0.4688371716171617 0.26300481353135313 0.4697230610561056 0.28837332343234323 0.47459220627062704 0.3065473514851485 0.5180178465346534 0.33748572772277224 0.5208374290429043 0.3373872656765676 0.5336731617161716 0.3411721683168317 0.5693432722772277 0.311705001650165 0.5533926584158416 0.29956228547854785 0.5542611155115511 0.28401014356435644 0.5524575561056106 0.2727844488448845 0.5296056683168316 0.26511586963696365 0.4926067293729373 0.2565304224422442 0.4880820148514851 0.24822184488448845
0 0.5827664372937293 0.21104951320132015 0.5936017491749175 0.1979714125412541 0.5944209851485148 0.18100979042904292 0.5885357392739273 0.17415992244224424 0.5643724537953795 0.16935938448844884 0.552078097359736 0.18107739108910892 0.5509636435643565 0.18958289273927392 0.5459642805280528 0.2081013811881188 0.5534561435643565 0.22053948349834984 0.5827664372937293 0.21104951320132015
0 0.3370379075907591 0.24785223597359735 0.33082565676567655 0.27205741914191417 0.33715381353135315 0.29159169801980195 0.3447933613861386 0.3082577805280528 0.35490794389438945 0.31495995709570956 0.3717761914191419 0.31295985808580856 0.38149704455445543 0.30838710561056104 0.3921847491749175 0.2910810214521452 0.3985829405940594 0.27909633003300327 0.3942168762376238 0.26843270297029703 0.3737416303630363 0.2479815610561056 0.3650860165016502 0.24263948349834982 0.34087355445544554 0.23642961551155114 0.3370379075907591 0.24785223597359735
0 0.31410829702970294 0.3996384356435644 0.32286230858085807 0.4077993234323432 0.334435899339934 0.41586159735973593 0.3417801122112211 0.4240715610561056 0.35773072607260725 0.4362142772277227 0.3790744290429043 0.44111327722772276 0.3873362739273928 0.43518042739273927 0.3950075330033003 0.4123353432343234 0.3947614537953795 0.40528855115511553 0.3890238894389439 0.4026666633663366 0.36028676072607263 0.3881483712871287 0.33728722607260725 0.3762518085808581 0.3342707788778878 0.3707128085808581 0.324156196369637 0.36401063201320133 0.313204900990099 0.3333492739273927 0.2952539405940594 0.304343397689769 0.292761397689769 0.2733866534653465 0.2598933217821782 0.26183470792079205 0.24876267656765677 0.2664566914191419 0.23968163201320133 0.2893511633663366 0.24227260561056105 0.3231265610561056 0.24694492574257426 0.3356631237623762 0.2516664191419142 0.34960901485148516 0.25391288448844884 0.3735189669966997 0.26471649174917494 0.3999521897689769 0.2803718102310231 0.4036387871287129 0.293059896039604 0.40319570957095713 0.31410829702970294 0.3996384356435644
0 0.4793059075907591 0.6436309356435643 0.48324002475247524 0.6350270462046205 0.49115732178217825 0.6192286749174917 0.4874518514851485 0.5939586270627062 0.4717965297029703 0.5902720297029703 0.4521579603960396 0.5937800709570956 0.4445851749174917 0.6194439636963697 0.44930666996699664 0.6333898547854785 0.45670010066006606 0.6430092244224422 0.4695358366336634 0.6467942838283829 0.4793059075907591 0.6436309356435643
0 0.5899790462046205 0.8217954851485149 0.6074696303630364 0.7971963778877887 0.6375180825082508 0.8088467871287129 0.6535179125412541 0.8223988300330033 0.6825503415841585 0.845373394389439 0.7043862013201321 0.8643659785478548 0.7315658547854785 0.8747054438943894 0.7499423250825082 0.8754748465346536 0.7936949669966997 0.8753580165016501 0.8146449372937293 0.868982089108911 0.8255294686468646 0.857313392739274 0.8444790198019801 0.8340743828382838 0.8315005462046205 0.8190259521452145 0.8081833729372937 0.7647878547854785 0.7518727821782178 0.7286550924092409 0.7320865577557756 0.7279349191419142 0.7187269603960397 0.7495676782178218 0.6878100511551155 0.7534694900990099 0.6380562953795379 0.7029969125412541 0.6190400198019802 0.6839058679867986 0.5839254785478548 0.6484439702970297 0.5668604092409241 0.6448066815181519 0.5562886105610562 0.705852301980198 0.5568299867986798 0.7213552904290429 0.5559123168316832 0.7354981831683168 0.5243064603960396 0.7196688679867986 0.5185688613861386 0.7170470594059406 0.5103069752475248 0.7229799092409241 0.5557011798679867 0.8102927722772277 0.5674224570957095 0.8225831798679868 0.5899790462046205 0.8217954851485149
0 0.44002875907590755 0.6506467854785478 0.4370615280528053 0.6465171881188119 0.41517644884488447 0.626115199669967 0.3894557656765677 0.6171358316831683 0.3897018465346535 0.6241827013201321 0.39432494719471944 0.6353098597359735 0.4159146897689769 0.6472556518151815 0.42889807260726076 0.6552687689768977 0.43886500990099014 0.6577428861386139 0.44002875907590755 0.6506467854785478
0 0.5308917607260727 0.5444648696369637 0.5361546353135314 0.5739138250825083 0.5508430693069307 0.5903339108910891 0.5692195363036304 0.5911032359735973 0.5803010049504951 0.5850719240924093 0.5839889686468647 0.5694213217821782 0.576792399339934 0.5654393382838284 0.5685130775577558 0.5304513811881187 0.5510049884488448 0.5141299158415842 0.5337922656765677 0.5062644125412542 0.5296121485148515 0.5078215858085809 0.529088206270627 0.5332393300330033 0.5308917607260727 0.5444648696369637
0 0.3678485528052805 0.5642693877887789 0.3757166699669967 0.5470616105610561 0.3623887755775578 0.5291829686468648 0.3552906419141914 0.528019797029703 0.3520455841584158 0.5563546551155115 0.3595374471947195 0.5687927574257425 0.3678485528052805 0.5642693877887789
0 0.38316255775577557 0.6794431666666667 0.3728336386138614 0.6261827986798679 0.3613584405940594 0.6209391831683169 0.3559653927392739 0.628182896039604 0.34673669636963694 0.6468492310231023 0.355786001650165 0.6634662392739273 0.36458922607260724 0.6730363762376238 0.3717366155115512 0.6756089537953794 0.37752339108910893 0.6796400907590759 0.38316255775577557 0.6794431666666667