0 0.22073161182108625 0 0.2124075159744409 0.030718337060702875 0.20694683706070288 0.05120203514376996 0.1837389856230032 0.10445955750798722 0.20012102396166134 0.13313667252396166 0.2137726485623003 0.13859900319488816 0.2560928051118211 0.17820077635782747 0.28476133706070283 0.1481580415335463 0.3134297188498403 0.12221208945686901 0.33663757028753993 0.06349223801916933 0.30796918849840255 0.004772311501597445 0.30479266293929713 0 0.22073161182108625 0
0 0.19056479712460064 0.11128743130990415 0.1878345319488818 0.06076107348242811 0.17418290734824282 0.012965805111821086 0.16735709584664535 0.008869095846645367 0.15780086741214058 0.0156969696485623 0.16053113258785945 0.014331349840255591 0.1441492428115016 0.06349223801916933 0.13322788338658148 0.08534148083067092 0.11957625878594248 0.11811530511182108 0.11821112619808306 0.12221208945686901 0.1782783051118211 0.15362037060702877 0.18237385303514378 0.15362037060702877 0.1878345319488818 0.13859900319488816 0.19056479712460064 0.11128743130990415
0 0.22742427316293928 0.25057645207667734 0.2137726485623003 0.2218992603833866 0.20148615654952076 0.2055123482428115 0.19056479712460064 0.20141556389776358 0.18646939936102236 0.20005001916932907 0.17145249201277957 0.21507138658146965 0.16326154792332268 0.23828624760383388 0.15780086741214058 0.2492108322683706 0.18237385303514378 0.3243176709265176 0.18646939936102236 0.3243176709265176 0.2137726485623003 0.31612417731629394 0.23015468849840254 0.2642321996805112 0.22742427316293928 0.25057645207667734
0 0.3407331182108626 0.25740432587859424 0.3489240623003195 0.24647966773162938 0.3543847428115016 0.23828624760383388 0.3516544776357828 0.19595330990415336 0.3448286661341853 0.1850286501597444 0.32844662619808307 0.18093194089456868 0.31752526677316295 0.19049098083067093 0.29295228115015975 0.2259959696485623 0.2915871501597444 0.24511412300319488 0.28749160223642173 0.27242569329073485 0.2915871501597444 0.2874470607028754 0.30387364217252394 0.2983716453674122 0.3202556805111821 0.2942749361022364 0.33663757028753993 0.2669633642172524 0.3407331182108626 0.25740432587859424
0 1 0.12655235463258785 0.9919172028753993 0.13586783865814697 0.9823610511182109 0.14679249680511183 0.9919172028753993 0.14542687699680512 0.934580214057508 0.19185652555910543 0.9386757619808307 0.21916809584664537 0.9728048993610223 0.2109746773162939 0.9973778833865815 0.1850286501597444 1 0.18109427795527158 1 0.12655235463258785
0 0.8649568099041532 0.1659105734824281 0.8867994536741213 0.15088920607028755 0.8977207380191693 0.12903996325878594 0.9181982507987221 0.0976316837060703 0.9318499504792332 0.07578244089456869 0.9441364424920128 0.04164292172523962 0.9291196102236422 0.033449503194888174 0.9222937220447284 0.033449503194888174 0.8840691134185305 0.07305127635782747 0.8676871485623002 0.09353489936102237 0.84584442971246 0.12494325399361023 0.8485747699680511 0.15088920607028755 0.8649568099041532 0.1659105734824281
0 0.5732844345047924 0 0.5755416022364217 0.029352717252396167 0.5687157891373802 0.06212661821086262 0.5509686182108626 0.07168565654952078 0.5154742731629393 0.13859900319488816 0.5345865782747604 0.17546961182108625 0.5345865782747604 0.1822974856230032 0.5209349536741213 0.23965179392971245 0.5250305 0.277887947284345 0.5414125399361022 0.30383397444089455 0.5427776725239617 0.3639193706070287 0.571446054313099 0.3693816996805112 0.578272017571885 0.36528499041533546 0.5987494536741215 0.34207012779552715 0.6042101341853036 0.3311455447284345 0.6083055303514378 0.32022088658146963 0.6083055303514378 0.28881260543130993 0.5987494536741215 0.25330754153354634 0.5823674137380191 0.24238295846645366 0.5796371485623003 0.18366310543130993 0.6069403977635782 0.1604482444089457 0.6356089297124601 0.13177112779552716 0.6656425942492014 0.09899722843450479 0.6888503706070287 0.07305127635782747 0.7079626757188499 0.04847087060702875 0.7243447156549521 0.00340676677316294 0.7284401884984025 0.00340676677316294 0.6915672220447284 0 0.5732844345047924 0
0 0.42810369648562296 0.42400484185303516 0.44039018849840256 0.39396210543130994 0.45950249201277954 0.3516291677316294 0.44039018849840256 0.3243176709265176 0.4308341102236422 0.32022088658146963 0.42264301597444087 0.31885534185303516 0.3980700319488818 0.3680161549520767 0.36530610223642174 0.38576868690095845 0.3502891948881789 0.4007900559105431 0.3407331182108626 0.42127367731629395 0.35574987539936104 0.43902620926517566 0.38441840734824284 0.43902620926517566 0.4062611261980831 0.4294671709265176 0.42810369648562296 0.42400484185303516
0 0.32708149361022365 0.49911168051118215 0.3584802907348243 0.4581442875399361 0.3584802907348243 0.4554131230031949 0.3625756869009584 0.44312291853035146 0.3352724376996805 0.4076179297124601 0.322985945686901 0.42263929712460063 0.30796918849840255 0.42127367731629395 0.29704782907348243 0.42263929712460063 0.28885673482428115 0.44448853833865815 0.27930065654952074 0.47999352875399365 0.27110956230031946 0.4840903130990415 0.28476133706070283 0.5032083913738019 0.30933432108626197 0.5032083913738019 0.32708149361022365 0.49911168051118215
0 0.2465365782747604 0.41990813258785936 0.2383456325878594 0.3912309408945687 0.2260591405750799 0.380306357827476 0.20967710223642175 0.37894073801916933 0.2028512891373802 0.38440306709265176 0.19739061022364218 0.4076179297124601 0.20831196964856227 0.41990813258785936 0.2165030638977636 0.42127367731629395 0.23425008626198085 0.4267360063897763 0.2465365782747604 0.41990813258785936
0 0.3243510782747604 0.624744840255591 0.3311768913738019 0.615185801916933 0.3298117587859425 0.5987988514376996 0.3257162108626198 0.5892398130990415 0.30933432108626197 0.5783151932907348 0.2979557539936102 0.5717202939297125 0.28749160223642173 0.5755840271565495 0.2670141645367412 0.59470210543131 0.2615534856230032 0.6028955990415336 0.25472767252396167 0.6261104233226837 0.2656490319488818 0.6302071709265176 0.28885673482428115 0.6370350447284344 0.30796918849840255 0.6315727523961662 0.3243510782747604 0.624744840255591
0 0.2765702428115016 0.7053139712460064 0.2806657891373802 0.7162385926517572 0.3025085095846645 0.7257976309904153 0.3352724376996805 0.7244320495207668 0.34755892971246005 0.7203353019169328 0.36121055431309906 0.7162385926517572 0.38441840734824284 0.7148730111821087 0.4103565239616614 0.7053139712460064 0.41445207188498406 0.6902926038338658 0.41445207188498406 0.6780024009584664 0.41172165654952075 0.6575187044728434 0.4199127507987221 0.6493252476038338 0.42810369648562296 0.6384006261980831 0.4362946405750799 0.6315727523961662 0.44858113258785937 0.6165513849840255 0.4540418130990415 0.5960676869009585 0.44858113258785937 0.587874231629393 0.4267385638977636 0.5796807747603834 0.4199127507987221 0.5796807747603834 0.4171823354632588 0.5851430670926517 0.4021655782747604 0.6124546373801918 0.38987908626198087 0.6343038801916933 0.38441840734824284 0.6370350447284344 0.3775925942492013 0.6465940830670927 0.34755892971246005 0.6561531597444089 0.31889039936102237 0.672540071884984 0.28885673482428115 0.6739056533546326 0.2765702428115016 0.7053139712460064
0 0.6533561022364217 0.5059395559105432 0.6451650830670926 0.5018427715654952 0.630148250798722 0.49364935143769967 0.605575266773163 0.4963805159744409 0.6014797188498402 0.5114018849840256 0.6042101341853036 0.5305199616613419 0.6287831182108626 0.5387133801916933 0.6424347428115016 0.5346166709265175 0.6519908945686901 0.5277887971246006 0.6560864424920128 0.5154985942492012 0.6533561022364217 0.5059395559105432
0 0.6615470463258786 0.40488676517571887 0.6574515750798722 0.42127367731629395 0.7161536948881789 0.43356388019169323 0.7311705271565496 0.43356388019169323 0.7448222268370607 0.4349295 0.7284401884984025 0.464972161341853 0.7257098482428116 0.4704344904153354 0.7311705271565496 0.4786279840255591 0.8171759728434506 0.4376606645367412 0.8294624648562301 0.4267360063897763 0.8294624648562301 0.40488676517571887 0.8062546884984025 0.387134231629393 0.8185411805111822 0.35845711661341856 0.832192805111821 0.3434357476038339 0.8554006565495208 0.31612417731629394 0.8745129616613418 0.29564048083067096 0.8854342460063898 0.26969452875399363 0.8867994536741213 0.2519419968051118 0.8881645862619809 0.20960905750798722 0.8827039057507987 0.1891253610223642 0.8717826214057507 0.17820077635782747 0.8499399776357827 0.15908269968051117 0.834942730031949 0.1711304680511182 0.7816817044728435 0.19185652555910543 0.7448222268370607 0.24511412300319488 0.743457019169329 0.2642321996805112 0.7639345319488818 0.277887947284345 0.7666648722044729 0.3079306837060703 0.7161536948881789 0.3543603322683706 0.6970413913738019 0.3721128642172524 0.6615470463258786 0.40488676517571887
0 0.6656425942492014 0.5455413290734824 0.6588167076677316 0.5441757092651758 0.6547212348242812 0.5469068738019169 0.6342437220447285 0.567390571884984 0.62468757028754 0.5919709776357828 0.6315134584664537 0.5919709776357828 0.6424347428115016 0.587874231629393 0.6547212348242812 0.567390571884984 0.6629122539936102 0.5551003690095847 0.6656425942492014 0.5455413290734824
0 0.6042101341853036 0.4349295 0.605575266773163 0.4171769680511182 0.6001145862619809 0.40625230990415334 0.5850978290734824 0.40215560063897765 0.5810022811501597 0.4089834744408946 0.54687307028754 0.4158113482428115 0.530491180511182 0.43219833546325875 0.5223000862619809 0.44858524920127796 0.5236653690095847 0.45268195846645365 0.5482383530351438 0.4540475782747604 0.5591595623003195 0.45268195846645365 0.5878280942492012 0.44858524920127796 0.6042101341853036 0.4349295
0 0.538682124600639 0.615185801916933 0.5373169936102237 0.6220136757188498 0.5646202428115016 0.6261104233226837 0.5769067348242811 0.6192825495207668 0.5728113370607029 0.6110890559105431 0.5564292971246007 0.6028955990415336 0.538682124600639 0.615185801916933
0 0.6847548993610224 0.6056267635782747 0.6847548993610224 0.6001644345047924 0.6328785910543131 0.6083578913738019 0.627417910543131 0.6192825495207668 0.6342437220447285 0.624744840255591 0.6519908945686901 0.6343038801916933 0.6683729345047923 0.6261104233226837 0.6779290862619808 0.6179169664536741 0.6806594265175719 0.6110890559105431 0.6847548993610224 0.6056267635782747