0 1 0.7105540687919463 0.9535961426174496 0.6858571476510068 0.8911074530201343 0.708065884228188 0.8628212248322148 0.7372078825503355 0.8302346140939598 0.7661998657718121 0.8702531325503357 0.8120748036912752 0.8754865 0.8266050838926174 0.9049882432885905 0.8448524345637585 0.9617431476510068 0.8224434681208054 0.983444966442953 0.8174622718120805 1 0.8135909161073825 1 0.7105540687919463
0 1 0.8580175184563759 0.9510084815436242 0.8421551761744966 0.8980712617449663 0.8374371241610739 0.8693023389261745 0.8393019345637583 0.8533343070469799 0.844483360738255 0.8531841795302013 0.8487824395973154 0.883951484899329 0.9129860083892618 0.8883019026845639 0.9117032063758388 0.9232048624161073 0.8985745184563759 0.9465402550335571 0.8879113238255034 0.9987447265100671 0.8725173741610738 0.9972111610738255 0.8753332634228188 1 0.8717047617449664 1 0.8580175184563759
0 0.803464144295302 0.8341333708053691 0.7995641023489933 0.8225190939597316 0.7828132080536913 0.8090213355704698 0.7532112986577181 0.7936400855704698 0.738977005033557 0.7902734127516778 0.6839057130872483 0.8055674093959732 0.674304206375839 0.8339271711409396 0.6741540788590604 0.8382262483221476 0.7520926543624161 0.8667735369127517 0.7637603120805369 0.8614419379194631 0.7884291023489933 0.8536949060402684 0.8047474295302013 0.8384823489932886 0.803464144295302 0.8341333708053691
0 0.8151027818791947 0.6652384463087249 0.7707661593959731 0.6608207348993288 0.7619653926174497 0.6662524479865771 0.750197577181208 0.6744499916107383 0.7400133691275168 0.678398672818792 0.7107440302013422 0.694593533557047 0.7058432298657719 0.7116395201342282 0.7168603439597315 0.7249370520134228 0.7324780822147651 0.7297867567114094 0.7612970469798658 0.7264888154362416 0.7814153322147651 0.7257566426174497 0.8195855184563758 0.701263961409396 0.8300199379194632 0.690150255033557 0.8263201426174497 0.672803927852349 0.8151027818791947 0.6652384463087249
0 0.8364521342281879 0 0.8221039211409396 0.012668872483221476 0.8122522802013422 0.04819374328859061 0.8407709916107383 0.053493959731543625 0.8872716627516778 0 0.8364521342281879 0
0 1 0.05136386409395973 0.9987998657718121 0.0489690855704698 0.9625133825503355 0.06061473825503356 0.9390779060402684 0.07414395973154363 0.9053581409395972 0.09448781040268456 0.8820227516778524 0.10515092617449665 0.8654542181208053 0.12752842953020135 0.8806215805369128 0.14527521308724833 0.9077568523489934 0.14909231879194632 0.9415267382550336 0.1273154211409396 0.9636288104026846 0.11087019295302014 1 0.0781372432885906 1 0.05136386409395973
0 1 0.2911051140939597 0.9829753674496645 0.29662939429530205 0.9564728372483222 0.31579047483221473 0.9283867734899329 0.3392005 0.8928832315436241 0.36952534228187917 0.861730105704698 0.3985673859060403 0.8363607315436242 0.4263765218120805 0.7748228338926174 0.42135812751677854 0.7639558489932886 0.4037615167785235 0.7270366241610738 0.39242906375838926 0.6940674848993289 0.39127775671140935 0.6824497969798657 0.3951762197986577 0.6707821409395973 0.4005078187919463 0.6456629731543624 0.421151927852349 0.6411124614093959 0.42816694295302016 0.6457953708053692 0.45846024999999996 0.7088167147651007 0.4620957248322147 0.7354516459731544 0.48024296476510064 0.7754378456375839 0.48594363255033557 0.8361428355704699 0.47371597147651007 0.8433100251677852 0.473966255033557 0.8813123624161073 0.49537989597315435 0.9528521040268456 0.46057442114093966 0.9635367281879194 0.4422956895973154 0.9981895604026846 0.43633202852348996 1 0.43653501510067116 1 0.2911051140939597
0 0.6836119731543624 0.5673876023489932 0.6556437953020134 0.5463243624161074 0.6105065067114094 0.5648347030201342 0.578520399328859 0.5766305285234898 0.5719859496644295 0.5993583540268457 0.5611511979865772 0.6219361644295301 0.5601003187919463 0.6520294010067115 0.5781846191275167 0.6684431661073825 0.6000364781879194 0.6591630453020134 0.6163548070469799 0.6439504865771812 0.6361905654362416 0.6102090704697987 0.6886952130872483 0.5862169614093959 0.6875620604026845 0.5775687483221477 0.6836119731543624 0.5673876023489932
0 0.5560502281879195 0.6447142046979866 0.5429991308724832 0.6485626124161074 0.540132239932886 0.6484624983221476 0.4959779815436241 0.6799199748322148 0.49102713926174496 0.6983989362416108 0.49012638590604024 0.7241930922818792 0.5096941291946309 0.7392240973154363 0.5142947617449665 0.7307761140939598 0.5519144882550335 0.7220466157718121 0.5751497969798658 0.7142493691275168 0.5769836174496644 0.7028353238255034 0.5761005889261746 0.6870222399328859 0.5923188305369127 0.6746757869127517 0.5560502281879195 0.6447142046979866
0 0.6178173104026845 0.8075638708053691 0.6169843288590604 0.7903176577181208 0.605967216442953 0.7770201258389262 0.576165139261745 0.767370927852349 0.5685475738255034 0.7800177231543624 0.5736308187919463 0.7988469244966443 0.57476397147651 0.8074951359060403 0.5872646090604027 0.8194097533557048 0.6118333187919462 0.8145286694630872 0.6178173104026845 0.8075638708053691
0 0.40132082046979867 0.6780493523489933 0.3914368657718121 0.6733998758389261 0.37428559395973154 0.6713662181208054 0.36400130369127515 0.6781808473154363 0.3562335755033557 0.6951265620805369 0.3497992416107382 0.7149885973154362 0.35611572483221476 0.7395999077181208 0.3600157281879195 0.751214182885906 0.38463443959731547 0.7449001224832215 0.39343528187919463 0.7394684127516779 0.41425407214765103 0.7186741308724832 0.41869339261744964 0.7078315838926175 0.4121878489932886 0.6956458070469799 0.40132082046979867 0.6780493523489933
0 0.2597604010067114 0.6630625906040268 0.2571259546979866 0.6974046895973154 0.2663593657718121 0.7206832969798658 0.2776767667785235 0.7253828305369128 0.3110963204697987 0.7136370604026846 0.3136306845637584 0.6821609077181208 0.33188283557046977 0.6526683557046979 0.34301787751677854 0.6214925453020135 0.35330216778523493 0.6146779161073825 0.35636922651006714 0.6090459798657718 0.37975465939597314 0.5969498104026846 0.4089739546979866 0.582187922818792 0.41480778691275166 0.579522043624161 0.4150579949664429 0.5723570167785235 0.4072580234899329 0.5491286258389262 0.39885755704697984 0.5430962315436242 0.37715573825503357 0.5480774295302013 0.3609374966442953 0.5604238825503356 0.3534700587248322 0.5687715973154363 0.3417022802013423 0.576969144295302 0.33280138926174496 0.5852669597315436 0.31139982718120807 0.58165 0.2984988540268456 0.5811994882550335 0.28258086241610736 0.5849479412751677 0.2715959865771812 0.6118246744966443 0.2693118288590604 0.6361358003355705 0.2645111157718121 0.650315682885906 0.2597604010067114 0.6630625906040268
0 0.5090533926174496 0.3876863624161074 0.5128210352348994 0.3619923204697987 0.5047708976510067 0.3459288758389262 0.5007707718120805 0.33718062583892616 0.49083677348993293 0.3339642013422819 0.477785672818792 0.33781276845637587 0.4702681912751677 0.3475935369127517 0.4654674765100671 0.3617734194630873 0.473167322147651 0.38786791442953017 0.4931353976510067 0.39143481543624165 0.5090533926174496 0.3876863624161074
0 0.5795955906040268 0.25815217114093963 0.5790451308724832 0.27391527684563755 0.5897943087248322 0.33598515268456375 0.6071457046979866 0.33228683557046984 0.6428494161073826 0.2962299395973154 0.6621847567114093 0.2768185755033557 0.7127733070469798 0.2254991426174497 0.744208956375839 0.2294664211409396 0.7577927080536913 0.25146214597315436 0.7779109161073825 0.25072988926174494 0.8351663154362415 0.2139908724832215 0.8588747164429531 0.1588427399328859 0.8720709496644294 0.1435418187919463 0.8528034530201342 0.11991289261744967 0.8417362953020134 0.10804841275167786 0.8204348154362416 0.1015655067114094 0.7759480687919463 0.10144671644295303 0.7572632684563758 0.10222902852348993 0.7296275805369128 0.11274197483221475 0.7074253473154363 0.1320532265100671 0.6779057969798657 0.1554132701342282 0.6616375134228188 0.16919269630872483 0.6310848926174497 0.1810385822147651 0.6133008422818792 0.15602673825503355 0.5903657869127517 0.15522582718120806 0.5784478439597315 0.16772244966442953 0.5322919916107383 0.2565002936241611 0.5406925 0.2625326879194631 0.5465263674496644 0.25986688926174495 0.5786625234899329 0.24377198154362417 0.5795955906040268 0.25815217114093963
0 0.4355653154362416 0.35499025 0.45781759395973154 0.33424594630872484 0.460834610738255 0.33004706040268456 0.45965133557046983 0.3228318976510067 0.44951716778523493 0.3253475268456376 0.4363159429530202 0.3334950922818792 0.4143639563758389 0.34564131711409396 0.4096632869127517 0.35695517281879197 0.40941307718120806 0.36412027852348994 0.4355653154362416 0.35499025
0 0.6072102600671141 0.41263536744966445 0.603460417785235 0.3967221711409396 0.5921930184563758 0.39058966275167784 0.57350822147651 0.39137189597315436 0.5585733372483221 0.4080674865771812 0.5532221593959732 0.4380105520134228 0.5513883439597316 0.44942443959731543 0.551921077181208 0.4752686560402684 0.5561713305369128 0.4768519563758389 0.5736728573825504 0.4688544815436242 0.591474706375839 0.4522591661073826 0.5998929429530202 0.41668416275167786 0.6072102600671141 0.41263536744966445
0 0.3789927734899329 0.41327447818791946 0.37137520805369123 0.42592127348993286 0.3746747130872483 0.4547315486577181 0.38189194295302015 0.453548860738255 0.3954434597315436 0.43537024161073823 0.38744332718120805 0.4178737432885906 0.3789927734899329 0.41327447818791946
0 0.38084432046979866 0.3602531124161074 0.39251205536912753 0.35492151677852346 0.4030142785234899 0.30076751845637584 0.39728049496644297 0.30056729026845636 0.3913966258389262 0.3046660637583893 0.38412931375838927 0.3072818053691275 0.3751783842281879 0.31701251510067113 0.36597724496644296 0.3339083322147651 0.3753607852348993 0.35288786073825507 0.38084432046979866 0.3602531124161074