0 0.2176096253968254 0 0.21105889682539683 0.024174093650793652 0.2056328888888889 0.04452773650793651 0.18257238888888888 0.09744711587301587 0.1988504142857143 0.12594215396825398 0.2124153619047619 0.13136980317460317 0.25446681904761903 0.1707201365079365 0.2829533285714286 0.1408681492063492 0.3114396888888889 0.11508693333333334 0.3345001888888889 0.05673990634920635 0.30679849682539684 0 0.2176096253968254 0
0 0.15679895714285716 0.0092481 0.1595118873015873 0.007891150793650794 0.14323400952380952 0.05673990634920635 0.13238199206349208 0.0784504238095238 0.11881704444444444 0.11101616031746031 0.11746057936507935 0.11508693333333334 0.17714637936507938 0.14629579682539684 0.1812159238095238 0.14629579682539684 0.18664193174603175 0.13136980317460317 0.18935486190476192 0.1042316380952381 0.18664193174603175 0.05402608253968254 0.17307698412698413 0.006534276190476191 0.1662945111111111 0.0024635777777777777 0.15679895714285716 0.0092481
0 0.18528546666666668 0.19243065396825398 0.17036390476190477 0.20735664761904762 0.16222496666666666 0.2304241126984127 0.15679895714285716 0.2412793349206349 0.1812159238095238 0.31590930476190476 0.18528546666666668 0.31590930476190476 0.2124153619047619 0.3077678333333333 0.22869338888888888 0.2562053285714286 0.2259803095238095 0.24263628412698413 0.2124153619047619 0.21414116984126985 0.20020687936507936 0.19785830158730158 0.18935486190476192 0.19378752857142859 0.18528546666666668 0.19243065396825398
0 0.34263927777777775 0.17750465873015872 0.3263612507936508 0.17343396031746033 0.3155092333333333 0.18293230793650794 0.29109226666666665 0.21821186825396827 0.2897358031746032 0.2372086365079365 0.2856662587301587 0.2643468 0.2897358031746032 0.27927279365079366 0.3019442857142857 0.2901280158730159 0.3182223111111111 0.28605731746031743 0.3345001888888889 0.25891915238095237 0.33856973333333334 0.24942080634920635 0.3467086714285714 0.2385655111111111 0.352134680952381 0.2304241126984127 0.3494217507936508 0.18835995555555554 0.34263927777777775 0.17750465873015872
0 1 0.11208213174603175 0.9856193158730159 0.1286559793650794 0.9761238380952382 0.1395112746031746 0.9856193158730159 0.1381543253968254 0.9286463714285715 0.18428918253968254 0.9327159158730159 0.21142734603174604 0.9666283603174604 0.20328594920634918 0.9910453253968254 0.17750465873015872 1 0.16406855873015871 1 0.11208213174603175
0 0.9259334428571429 0.06895207619047619 0.9381419253968254 0.03502931587301587 0.9232204380952381 0.026887919047619044 0.9164378888888889 0.026887919047619044 0.8784559761904762 0.06623825238095239 0.8621780238095238 0.08659182063492063 0.8404739888888888 0.11780075714285715 0.8431869936507936 0.14358197301587303 0.8594650206349206 0.15850796666666667 0.8811689809523808 0.14358197301587303 0.8920209238095237 0.12187145555555555 0.9123684206349206 0.09066259365079365 0.9259334428571429 0.06895207619047619
0 0.5701327761904762 0 0.5718873698412699 0.022817144444444444 0.5651048952380952 0.055382957142857146 0.5474704047619048 0.06488130317460318 0.5122014206349206 0.13136980317460317 0.5311923777777778 0.16800631269841268 0.5311923777777778 0.17479083492063494 0.5176274301587301 0.23178098888888887 0.5216969730158729 0.269774373015873 0.537975 0.29555566349206347 0.539331465079365 0.35525956507936507 0.5678178253968255 0.3606872126984127 0.5746004492063492 0.3566165142857143 0.5949478698412699 0.33354904761904763 0.6003738793650794 0.32269382698412696 0.604443273015873 0.3118385317460317 0.604443273015873 0.2806296682539683 0.5949478698412699 0.24535003333333336 0.5786698428571428 0.23449481269841269 0.5759569126984126 0.17614778412698415 0.6030868079365079 0.15308031904761904 0.6315733174603174 0.12458527936507936 0.6614162920634921 0.09201946825396826 0.6844767174603175 0.06623825238095239 0.7034676746031746 0.0418139126984127 0.7186681809523809 0 0.5701327761904762 0
0 0.4280986555555556 0.3118385317460317 0.41995956825396824 0.31048165714285714 0.3955426031746032 0.3593303380952381 0.3629866984126984 0.3769701555555556 0.3480651365079365 0.3918961507936508 0.33856973333333334 0.4122497174603175 0.35349114603174603 0.42988953492063486 0.3819776555555556 0.42988953492063486 0.4036816904761905 0.4203911888888889 0.42538557777777775 0.41496354126984125 0.43759406031746034 0.3851115523809524 0.4565850158730158 0.34304739523809524 0.43759406031746034 0.31590930476190476 0.4280986555555556 0.3118385317460317
0 0.33314372380952384 0.398680673015873 0.32093524126984124 0.4136066666666667 0.30601382857142856 0.4122497174603175 0.2951618111111111 0.4136066666666667 0.2870227238095238 0.43531718253968255 0.277527319047619 0.4705967444444445 0.2693882317460317 0.47466751746031743 0.2829533285714286 0.4936642111111111 0.30737029365079366 0.4936642111111111 0.3250047857142857 0.48959351111111116 0.3562042253968254 0.4488862285714285 0.3562042253968254 0.4461724047619048 0.360273619047619 0.43396023333333333 0.33314372380952384 0.398680673015873
0 0.20156334444444446 0.37561320634920636 0.19613733650793652 0.398680673015873 0.20698935396825396 0.41089284285714284 0.2151284412698413 0.4122497174603175 0.23276278412698415 0.41767736507936504 0.24497126666666666 0.41089284285714284 0.23683232698412698 0.38239772857142856 0.22462384444444444 0.3715425079365079 0.20834581904761906 0.37018555873015874 0.20156334444444446 0.37561320634920636
0 0.30737029365079366 0.5682941444444444 0.2960639714285714 0.5617411174603175 0.2856662587301587 0.5655803190476191 0.26531883650793653 0.5845770126984127 0.2598928285714286 0.5927184841269841 0.25311035396825393 0.6157859126984128 0.26396237142857143 0.6198566492063492 0.2870227238095238 0.6266411714285713 0.30601382857142856 0.6212135603174603 0.32229170634920634 0.614429 0.32907418095238095 0.604930653968254 0.3277177158730159 0.5886477476190476 0.32364817142857144 0.5791494015873015 0.30737029365079366 0.5682941444444444
0 0.3453522063492063 0.7094125380952381 0.35891715396825397 0.7053418396825397 0.3819776555555556 0.7039849285714286 0.40775108571428575 0.6944865809523809 0.41182063015873016 0.6795605873015873 0.41182063015873016 0.6673484174603175 0.4091075507936508 0.6469947761904762 0.4172466380952381 0.6388533412698413 0.42538557777777775 0.6279980825396826 0.4335245158730159 0.6212135603174603 0.44573299841269837 0.6062875666666666 0.45115900793650787 0.5859339238095238 0.44573299841269837 0.5777924904761905 0.42402911269841276 0.5696510555555555 0.4172466380952381 0.5696510555555555 0.41453355873015874 0.5750786666666666 0.39961214603174605 0.6022168301587302 0.3874036634920635 0.6239273476190477 0.3819776555555556 0.6266411714285713 0.37519518095238097 0.6361395174603175 0.3453522063492063 0.6456379015873015 0.3168656984126984 0.6619207698412698 0.2870227238095238 0.6632776809523809 0.2748142412698413 0.6944865809523809 0.2788837841269841 0.7053418396825397 0.3005878206349206 0.7148401857142856 0.33314372380952384 0.7134832746031746 0.3453522063492063 0.7094125380952381
0 0.5976608 0.5018056825396826 0.6003738793650794 0.5208023746031746 0.6247908444444444 0.5289437714285714 0.638355792063492 0.5248730730158729 0.6478512698412698 0.5180885507936508 0.6519208142857142 0.505876380952381 0.6492078095238095 0.4963780349206349 0.6410687968253967 0.4923072619047619 0.6261473095238095 0.4841658634920635 0.6017303444444445 0.48687968730158726 0.5976608 0.5018056825396826
0 0.7400931968253969 0.4258188365079365 0.7238151714285714 0.45567075079365077 0.7211021666666667 0.4610983984126984 0.7265281746031746 0.46923986984126986 0.811987553968254 0.4285326603174603 0.8241960365079366 0.41767736507936504 0.8241960365079366 0.3959668492063492 0.8011356111111111 0.37832703015873015 0.8133440936507937 0.3498319920634921 0.8269090412698412 0.33490599682539685 0.8499695412698413 0.3077678333333333 0.8689604984126984 0.28741419206349206 0.8798124412698413 0.2616329761904762 0.8811689809523808 0.24399315873015873 0.8825254460317461 0.201929 0.8770994365079364 0.18157535873015873 0.8662474936507936 0.1707201365079365 0.8445435333333333 0.15172344444444444 0.8296415063492064 0.16369471904761904 0.776718646031746 0.18428918253968254 0.7400931968253969 0.2372086365079365 0.7387366571428571 0.2562053285714286 0.759084153968254 0.269774373015873 0.7617971587301587 0.29962636190476194 0.7116066873015873 0.34576121904761903 0.6926157317460317 0.36340103650793654 0.6573467476190475 0.3959668492063492 0.6532772793650794 0.4122497174603175 0.7116066873015873 0.42446188730158724 0.7265281746031746 0.42446188730158724 0.7400931968253969 0.4258188365079365
0 0.6207213 0.5818632253968253 0.6275038492063492 0.5818632253968253 0.638355792063492 0.5777924904761905 0.6505642746031747 0.5574388857142857 0.6587032873015873 0.545226715873016 0.6614162920634921 0.5357283682539683 0.6546337444444444 0.5343714190476191 0.6505642746031747 0.5370852428571429 0.6302167777777777 0.5574388857142857 0.6207213 0.5818632253968253
0 0.5773133777777778 0.4000375476190476 0.5434008603174603 0.4068220698412699 0.5271229825396825 0.42310501269841266 0.5189838952380953 0.43938788253968253 0.5203405095238095 0.4434585809523809 0.5447574746031746 0.44481553015873015 0.5556093428571428 0.4434585809523809 0.5840958523809524 0.43938788253968253 0.6003738793650794 0.4258188365079365 0.6017303444444445 0.40817901904761905 0.596304334920635 0.3973237238095238 0.5813829222222222 0.3932530253968254 0.5773133777777778 0.4000375476190476
0 0.5691744396825397 0.600859919047619 0.5528964126984127 0.5927184841269841 0.5352619206349206 0.604930653968254 0.5339054571428571 0.6117151761904762 0.5610353523809524 0.6157859126984128 0.5732438349206349 0.6090013904761905 0.5691744396825397 0.600859919047619
0 0.6229617190476191 0.6180581412698413 0.6405962111111111 0.6275564888888889 0.656874238095238 0.619415053968254 0.6663697158730159 0.611273619047619 0.6690827206349206 0.6044890603174603 0.6731521904761905 0.5990614492063492 0.6731521904761905 0.5936338015873016 0.6216052555555556 0.6017752365079365 0.616179246031746 0.6126305317460318 0.6229617190476191 0.6180581412698413